0 0 2964433.43047
1 0 2725793.19583
2 0 3274188.44204
3 0 3318880.35336
4 0 2270508.69218
5 0 2176448.08548
6 0 3582184.84074
7 0 2267038.78948
8 0 3886594.74402
9 0 2783584.96667
10 0 2817468.58347
11 0 3762692.14636
12 0 3060276.82564
13 0 2902930.41915
14 0 3301275.88928
15 0 3388167.29025
16 0 3186645.04143
17 0 3431353.75142
18 0 3284246.37978
19 0 2699583.34173
20 0 2307442.34006
21 0 3226095.97723
22 0 2148183.00663
23 0 3320706.19764
24 0 2169556.44949
25 0 3059749.38013
26 0 3078591.52312
27 0 2005952.50438
28 0 3251665.67553
29 0 2807372.07912
30 0 2736992.53461
31 0 2356776.36458
32 0 3130867.88241
33 0 3540905.61069
34 0 2303284.37691
35 0 2310139.24874
36 0 2877009.36145
37 0 2742586.59874
38 0 2497283.46307
39 0 2381942.58446
40 0 2503991.7538
41 0 2065229.32672
42 0 2156327.52172
43 0 3590811.2988
44 0 3382270.18773
45 0 2588540.49453
46 0 3814494.92244
47 0 3268929.15457
48 0 2000521.08702
49 0 2006226.27177
50 0 3775979.57791
51 0 3502403.11185
52 0 2369664.14854
53 0 2744884.15654
54 0 3368083.68235
55 0 2505104.36506
56 0 2519605.76581
57 0 2967238.8015
58 0 3857763.3764
59 0 2470504.51166
60 0 2603127.46307
61 0 3870065.75443
62 0 2781182.36798
63 0 2211207.48527
64 0 2506502.84646
65 0 2725790.57471
66 0 3445932.99554
67 0 3371232.44936
68 0 2154136.95988
69 0 2107094.13883
70 0 2875894.73741
71 0 3479913.49154
72 0 3863861.56729
73 0 2628100.941
74 0 2483787.28223
75 0 3866996.43178
76 0 3244217.09343
77 0 3644334.44187
78 0 3125148.79984
79 0 3900369.66395
80 0 2842405.07042
81 0 3777617.70875
82 0 3893508.98481
83 0 3308751.97838
84 0 2940984.87948
85 0 3263645.883
86 0 3361841.48454
87 0 2102142.9336
88 0 2831694.87331
89 0 2370937.35532
90 0 2615696.13991
91 0 3270985.26696
92 0 3361259.7917
93 0 2802452.95942
94 0 2886855.48203
95 0 2600743.87335
96 0 2763778.91684
97 0 2812029.82119
98 0 2943558.51719
99 0 3993193.59871
100 0 3301900.35011
101 0 2891906.08004
102 0 2461204.98014
103 0 3946951.74802
104 0 3779301.86949
105 0 3197941.43428
106 0 2269162.21963
107 0 2885845.09768
108 0 2498473.20438
109 0 2583496.23903
110 0 3586147.61508
111 0 2914730.5864
112 0 3655058.12546
113 0 3101312.78777
114 0 2429586.49631
115 0 2119486.20037
116 0 2071614.99758
117 0 3119656.06821
118 0 2018455.15184
119 0 3906115.30248
120 0 2782840.98641
121 0 2375210.62303
122 0 3697986.99332
123 0 2265684.8086
124 0 2589239.7195
125 0 2729039.12825
126 0 2383869.75986
127 0 2820682.74997
0 1 2256943.25641
1 1 2572210.58927
2 1 2132274.32051
3 1 3780991.60527
4 1 2548127.22393
5 1 2343541.32427
6 1 3096157.29568
7 1 3634612.94036
8 1 3362928.07456
9 1 3478175.12753
10 1 3766508.38098
11 1 2249806.82706
12 1 2583988.74328
13 1 3595025.14711
14 1 3807941.53466
15 1 2725047.03634
16 1 3831602.50274
17 1 3672367.42164
18 1 3750213.09901
19 1 2028072.64461
20 1 2786705.49207
21 1 3305838.84284
22 1 3307519.78341
23 1 2974463.82155
24 1 3361281.74014
25 1 3112419.23011
26 1 3814561.68591
27 1 2926416.30771
28 1 2964935.46654
29 1 3353727.85239
30 1 3816569.50494
31 1 3256372.7069
32 1 3449085.877
33 1 3675240.46679
34 1 3548982.5878
35 1 2050102.78783
36 1 3225274.42075
37 1 2200010.15676
38 1 3839454.91612
39 1 2879201.96465
40 1 2292121.56218
41 1 3566320.43148
42 1 2201984.47803
43 1 3392358.99983
44 1 3884351.58122
45 1 3045857.68332
46 1 3853176.74381
47 1 3110334.95221
48 1 3140195.36818
49 1 3011765.82815
50 1 2589797.07203
51 1 3097308.55994
52 1 2299913.32938
53 1 2110296.67078
54 1 2657065.85683
55 1 2275342.89811
56 1 2442760.33693
57 1 3870222.82337
58 1 3089050.78671
59 1 2544616.07858
60 1 3675302.22615
61 1 2281198.97936
62 1 2982103.86563
63 1 3156007.53833
64 1 3375306.09593
65 1 3701549.5883
66 1 3274950.52783
67 1 2393491.63522
68 1 3868659.35423
69 1 2617205.39433
70 1 3567564.83837
71 1 3808312.47452
72 1 2770194.34906
73 1 2483041.36351
74 1 2756590.34653
75 1 3312161.0689
76 1 2299635.25344
77 1 3367590.26935
78 1 3143138.60465
79 1 2660391.92326
80 1 3467419.91034
81 1 3721600.72355
82 1 3011216.89783
83 1 3838129.71796
84 1 3386457.88601
85 1 2802999.83132
86 1 3086866.96985
87 1 3786129.40304
88 1 3837693.87243
89 1 3626464.08341
90 1 2770413.24503
91 1 3563792.49361
92 1 2512642.6931
93 1 2199628.04268
94 1 3692992.92578
95 1 2349250.3079
96 1 2869783.02358
97 1 3609788.88239
98 1 3346531.35873
99 1 2293055.69564
100 1 2625130.38974
101 1 3849529.68466
102 1 2796491.19371
103 1 3622907.65085
104 1 2178488.21919
105 1 3246315.45193
106 1 2785655.46223
107 1 2729015.97112
108 1 2815091.74143
109 1 2849962.72507
110 1 2600754.83205
111 1 2650163.94504
112 1 2043030.6565
113 1 2017729.25391
114 1 3084717.94778
115 1 3604040.59276
116 1 2059983.63562
117 1 2245588.97136
118 1 3786055.02055
119 1 2379151.83438
120 1 2271312.75178
121 1 3578339.50198
122 1 3965650.69918
123 1 3665627.00937
124 1 3152940.74314
125 1 2429902.92332
126 1 2363002.76937
127 1 2127722.33274
0 2 2407667.90973
1 2 2361953.26203
2 2 2444724.77413
3 2 2063298.47923
4 2 2083391.57145
5 2 2975388.6783
6 2 2521574.26332
7 2 2793767.69208
8 2 2449140.84881
9 2 3416118.35296
10 2 2308303.12545
11 2 2068980.30423
12 2 3153121.28905
13 2 2867661.62461
14 2 3649634.74507
15 2 2529927.50194
16 2 2418966.8641
17 2 3723991.28542
18 2 3032349.72816
19 2 2496448.01767
20 2 3139186.58331
21 2 3679790.9412
22 2 2756714.24202
23 2 3933501.3176
24 2 3588511.4629
25 2 2931110.15574
26 2 3668355.71803
27 2 3040211.51625
28 2 3499027.80627
29 2 2675212.92161
30 2 3364300.37222
31 2 3589281.95921
32 2 2753634.86141
33 2 3008721.18106
34 2 3223619.08235
35 2 3976441.65746
36 2 3780687.13416
37 2 2925286.9136
38 2 3585240.1911
39 2 3958222.60577
40 2 2447266.95024
41 2 2883960.19014
42 2 3390843.07703
43 2 2663543.26962
44 2 2124691.22919
45 2 2855613.97317
46 2 2660289.82971
47 2 2446700.51004
48 2 3748806.46918
49 2 2094594.17875
50 2 3120957.20637
51 2 3235290.00591
52 2 3577244.64574
53 2 2886900.04308
54 2 2026917.54804
55 2 3858042.3981
56 2 2228587.75251
57 2 2237244.63274
58 2 2593143.28453
59 2 3522873.14508
60 2 3756294.39485
61 2 3162797.82532
62 2 2533313.65185
63 2 2068632.67822
64 2 2399432.20765
65 2 3749589.88073
66 2 3385057.35979
67 2 3146864.50306
68 2 2132942.03399
69 2 2348955.00353
70 2 3102870.76581
71 2 3272074.95703
72 2 2043536.91874
73 2 2491948.21191
74 2 2326567.70856
75 2 2370828.52296
76 2 3518266.3656
77 2 3222429.48733
78 2 3957485.54381
79 2 2296486.5757
80 2 2568156.17193
81 2 3634253.65819
82 2 3279416.33133
83 2 2597144.67215
84 2 2673709.25802
85 2 3862659.1792
86 2 2547920.65117
87 2 3429664.21786
88 2 3627705.52277
89 2 3113153.7181
90 2 2530155.87624
91 2 3581598.73748
92 2 3690305.16337
93 2 3767165.9962
94 2 3649680.62749
95 2 3689064.79236
96 2 2351237.96733
97 2 3382626.67321
98 2 3703976.59973
99 2 3252009.28817
100 2 3243560.97919
101 2 2880321.04717
102 2 2722039.52697
103 2 3626935.74016
104 2 2056184.01466
105 2 2802290.64185
106 2 2156786.08857
107 2 3321584.40587
108 2 3599813.58199
109 2 3968997.73507
110 2 3479060.40464
111 2 3546150.4346
112 2 3961051.00237
113 2 2899890.68535
114 2 2771487.65847
115 2 3003751.89006
116 2 3745665.58002
117 2 2976995.74484
118 2 2278923.42304
119 2 2593643.77082
120 2 3591751.23859
121 2 3280372.36459
122 2 3542133.97429
123 2 3219874.68028
124 2 3089090.74306
125 2 3176244.4184
126 2 2906156.70135
127 2 2756283.14678
0 3 2590530.56692
1 3 3684871.48765
2 3 3187250.42619
3 3 2052868.48529
4 3 3730086.24392
5 3 3382223.05011
6 3 3711242.05415
7 3 3560149.14818
8 3 3459604.19006
9 3 3876652.54168
10 3 2835077.09801
11 3 2861943.86499
12 3 3987107.5832
13 3 3648564.20978
14 3 2733536.77376
15 3 2176694.04476
16 3 3471332.02974
17 3 3800413.61769
18 3 2987912.803
19 3 2662222.73016
20 3 2249926.96619
21 3 2238904.15444
22 3 3168480.4071
23 3 3833780.58901
24 3 2044131.87922
25 3 2395069.77849
26 3 2003181.38196
27 3 3894449.28566
28 3 3022591.79636
29 3 3328718.90201
30 3 2019668.18191
31 3 3598619.25206
32 3 2047390.78263
33 3 3535796.49045
34 3 3705551.21638
35 3 3583521.89144
36 3 3972995.35888
37 3 2037530.66104
38 3 3963650.73471
39 3 2896396.84565
40 3 2387752.07316
41 3 2232582.03471
42 3 2324397.75171
43 3 3220044.04442
44 3 3727090.46435
45 3 2000882.60826
46 3 3710410.02014
47 3 2598096.1952
48 3 2354735.94307
49 3 2630929.27181
50 3 3001554.21599
51 3 3546147.77427
52 3 3989107.42803
53 3 2123984.45817
54 3 3571065.49794
55 3 3279767.97122
56 3 2129306.1546
57 3 3625945.6301
58 3 3040930.26842
59 3 2913622.21744
60 3 3911910.85341
61 3 3161658.25339
62 3 3416027.80909
63 3 2381750.40534
64 3 3891650.75217
65 3 2868077.82336
66 3 3536501.71144
67 3 2439209.02691
68 3 2766057.40345
69 3 2503860.5917
70 3 2468572.85282
71 3 3783314.13832
72 3 2846862.94304
73 3 2387425.76313
74 3 2032850.75476
75 3 2171835.96605
76 3 2599810.98866
77 3 3395142.25993
78 3 3507815.889
79 3 3495980.83876
80 3 3331490.43228
81 3 3147127.66829
82 3 3292387.72457
83 3 2076960.55869
84 3 3552689.02376
85 3 3854012.73653
86 3 2206461.87409
87 3 3879062.85037
88 3 3763039.47499
89 3 3722904.72764
90 3 3615095.55559
91 3 3061640.63433
92 3 2467282.64014
93 3 3616556.6775
94 3 3137114.07409
95 3 2097450.01729
96 3 2403410.17122
97 3 3434183.5847
98 3 3872705.39577
99 3 3845089.00176
100 3 3213597.44942
101 3 2729418.9316
102 3 2127478.45737
103 3 2125669.84617
104 3 2137687.49347
105 3 3483657.44456
106 3 3706598.68465
107 3 3409693.30182
108 3 2308490.67525
109 3 2525962.57603
110 3 2852163.50582
111 3 2118874.35966
112 3 3928672.42817
113 3 2321390.66918
114 3 2723621.46534
115 3 2634094.42281
116 3 2477720.15669
117 3 2862747.6431
118 3 2948434.62167
119 3 2754898.98189
120 3 2443641.79489
121 3 2905903.29117
122 3 2218044.88684
123 3 3308405.791
124 3 3026883.35958
125 3 3894875.94865
126 3 2702460.96567
127 3 3314161.25311
0 4 3233638.87903
1 4 3278241.43016
2 4 2416876.61217
3 4 2724817.79587
4 4 2877875.58238
5 4 3066795.41297
6 4 3172765.82894
7 4 2078125.64863
8 4 2731272.80974
9 4 3547783.98318
10 4 3878370.59397
11 4 2212678.00493
12 4 3618284.62545
13 4 2121478.62499
14 4 3711254.82131
15 4 3591867.07649
16 4 3270273.59525
17 4 3578418.13203
18 4 3541208.6162
19 4 3442715.63772
20 4 2178084.25718
21 4 2876228.68923
22 4 3972647.35653
23 4 3782064.30685
24 4 2521322.87461
25 4 3076751.67854
26 4 3045936.58837
27 4 3116094.61929
28 4 2273991.47106
29 4 2636581.58842
30 4 3714799.61578
31 4 2088642.18142
32 4 3407899.09943
33 4 2785304.31147
34 4 3511607.49798
35 4 2656852.04677
36 4 3060709.12011
37 4 3130603.32833
38 4 2866323.39867
39 4 2244886.49198
40 4 3647140.64578
41 4 3768465.15754
42 4 2442657.62204
43 4 2488577.81548
44 4 3198039.48308
45 4 3340008.75748
46 4 2170540.64976
47 4 3578814.20862
48 4 2172702.25669
49 4 3097593.78479
50 4 2605939.20835
51 4 3945958.86147
52 4 3158358.5419
53 4 3268444.788
54 4 2488712.03214
55 4 2894000.43389
56 4 2955218.9745
57 4 3126966.11005
58 4 2690702.48014
59 4 2899339.93216
60 4 3411255.98682
61 4 2751347.82653
62 4 2893216.778
63 4 2931176.30034
64 4 2965327.50161
65 4 3155015.18626
66 4 3995836.74069
67 4 2540832.39333
68 4 2201949.32314
69 4 3901346.26585
70 4 2802617.30383
71 4 2945016.35866
72 4 2943716.03297
73 4 3607607.41581
74 4 3276360.78037
75 4 2126593.24382
76 4 3533020.00037
77 4 3772855.73286
78 4 3253236.38811
79 4 2088544.27355
80 4 2869835.12089
81 4 2495436.64903
82 4 3158647.42205
83 4 2271020.31884
84 4 3168148.04736
85 4 2307224.78583
86 4 3113738.47253
87 4 3893301.28519
88 4 3319731.40245
89 4 3861255.4208
90 4 2379639.98274
91 4 2673932.76259
92 4 3040298.98666
93 4 2876042.21263
94 4 2854641.97497
95 4 2625109.74862
96 4 2664933.44356
97 4 2419693.34673
98 4 2329509.91097
99 4 2758836.64464
100 4 2403584.28905
101 4 2058868.14863
102 4 2203915.20905
103 4 2112277.4679
104 4 3536088.1568
105 4 2861882.35414
106 4 3083518.64618
107 4 2253573.14607
108 4 3131148.82736
109 4 3399252.38564
110 4 3488178.29807
111 4 2681884.74789
112 4 3671326.29799
113 4 2937702.99655
114 4 3816453.36488
115 4 2752373.94054
116 4 3133343.76247
117 4 3566516.10401
118 4 3524006.0288
119 4 2345069.91468
120 4 2116859.39412
121 4 3607589.76567
122 4 2152995.1323
123 4 3963858.31473
124 4 3748152.20774
125 4 3969261.46691
126 4 3696060.82767
127 4 2021920.22951
0 5 3920298.74153
1 5 2532654.47964
2 5 3602515.63192
3 5 2237698.79514
4 5 2031839.65047
5 5 2289832.59606
6 5 2274357.14639
7 5 2449904.50029
8 5 3235178.65919
9 5 2582065.32635
10 5 3424781.2515
11 5 2956533.56907
12 5 2832891.55338
13 5 2640726.16184
14 5 2304442.91998
15 5 3820981.69712
16 5 3113244.85278
17 5 3175608.57114
18 5 3833383.3641
19 5 2114397.24342
20 5 3820661.47193
21 5 3048745.58589
22 5 2996017.91374
23 5 2442937.99849
24 5 3872973.19492
25 5 3989467.30487
26 5 3398802.86847
27 5 2995297.44188
28 5 3265163.38615
29 5 3836321.63039
30 5 3562854.6523
31 5 3817141.12799
32 5 3495413.78785
33 5 2613122.87602
34 5 3758778.07792
35 5 2765732.06645
36 5 3114260.69614
37 5 3337042.71674
38 5 2374999.65617
39 5 3490210.60541
40 5 2305775.84869
41 5 2077370.51735
42 5 3446654.61635
43 5 2823853.6024
44 5 2918240.3682
45 5 2008688.81866
46 5 3710948.15554
47 5 3438851.76024
48 5 2818852.67347
49 5 2514250.92298
50 5 3505819.71027
51 5 3010522.58662
52 5 3193349.82081
53 5 3800327.56257
54 5 2315760.5807
55 5 3644613.69521
56 5 2081329.32002
57 5 3772551.27081
58 5 3282280.31268
59 5 3754166.61455
60 5 2736979.28968
61 5 2002010.27888
62 5 2268363.92687
63 5 3402201.73256
64 5 2371540.59132
65 5 3712316.57234
66 5 2964492.18094
67 5 3419438.30443
68 5 3752314.09581
69 5 3796271.67572
70 5 2524591.23886
71 5 2026962.76007
72 5 3481874.91907
73 5 2158901.47363
74 5 2671568.94762
75 5 2764394.05765
76 5 3464686.18578
77 5 3202524.76198
78 5 3158255.15675
79 5 3639988.28745
80 5 2261109.26472
81 5 2983386.94231
82 5 2970642.23091
83 5 3851315.24868
84 5 3316457.85869
85 5 2495574.47558
86 5 3502475.82043
87 5 3568724.51279
88 5 2155990.09077
89 5 3089831.30678
90 5 3511184.25666
91 5 2070098.47505
92 5 2531533.27871
93 5 2569522.56129
94 5 3157592.72055
95 5 2021076.31743
96 5 2142978.95307
97 5 2600494.44176
98 5 3533455.60955
99 5 2403109.64236
100 5 2924156.62565
101 5 2489762.72792
102 5 2959813.08468
103 5 2683266.7551
104 5 2952150.71503
105 5 3333070.04414
106 5 2374330.89601
107 5 2850982.36652
108 5 2047676.64164
109 5 2021360.27805
110 5 3933971.78832
111 5 3933810.68608
112 5 3432856.82153
113 5 2012293.49068
114 5 3083410.15347
115 5 3131759.16597
116 5 2772520.225
117 5 2303364.03999
118 5 3851511.0044
119 5 3169693.34391
120 5 2038954.45866
121 5 2907816.45492
122 5 2158658.40539
123 5 3161617.40373
124 5 2782877.29136
125 5 3280040.42348
126 5 2894285.55326
127 5 2834349.29574
0 6 2363188.09594
1 6 3278637.36505
2 6 2138813.37836
3 6 3343605.8728
4 6 2466984.54866
5 6 2094003.13804
6 6 2450035.23306
7 6 2537760.19009
8 6 2170093.28498
9 6 3061671.86279
10 6 2956142.03397
11 6 2739785.99641
12 6 2315886.10289
13 6 3442025.47277
14 6 2267376.96343
15 6 3470962.89474
16 6 2529634.01492
17 6 2378891.51593
18 6 3150709.48439
19 6 2027274.87238
20 6 2297780.73026
21 6 3216658.42551
22 6 2336774.59254
23 6 2714637.1185
24 6 3231099.42358
25 6 2975317.29738
26 6 3098688.61392
27 6 2394532.3501
28 6 2484683.84738
29 6 3478314.97577
30 6 3676954.6802
31 6 2263749.045
32 6 2454585.7624
33 6 2234687.94202
34 6 2287324.4798
35 6 3394925.94246
36 6 3430064.6778
37 6 3722398.67783
38 6 2631971.06144
39 6 2617356.07841
40 6 3750506.61674
41 6 2983449.75866
42 6 3950566.50086
43 6 3781640.68525
44 6 3688974.83611
45 6 2770725.60634
46 6 2156472.6984
47 6 2111906.33142
48 6 3382393.57987
49 6 3322930.39567
50 6 3660863.36461
51 6 2522270.84477
52 6 3288368.43844
53 6 2561787.56609
54 6 2929655.74416
55 6 3191620.66893
56 6 2157557.53717
57 6 3938956.56837
58 6 2838745.71972
59 6 3559950.15861
60 6 3334072.47476
61 6 2832166.64675
62 6 3692581.0044
63 6 2906475.35877
64 6 3219122.73195
65 6 2073511.31576
66 6 2427254.23189
67 6 3964002.2782
68 6 3634144.47103
69 6 2226919.57183
70 6 2933231.52731
71 6 2140439.75138
72 6 2999206.34864
73 6 3708402.82453
74 6 2392531.29528
75 6 2435367.58724
76 6 3164190.27718
77 6 2250797.34305
78 6 3337472.27103
79 6 3138151.06217
80 6 2388478.12071
81 6 2346394.37923
82 6 2443352.81972
83 6 3553038.07856
84 6 2343188.0623
85 6 3797419.76252
86 6 2940673.73163
87 6 3907121.59774
88 6 2776967.88094
89 6 3435755.88436
90 6 3421099.69247
91 6 2542431.18486
92 6 3624096.39039
93 6 3781773.40414
94 6 2991945.9757
95 6 2815671.41729
96 6 2009682.70818
97 6 2514427.67884
98 6 2759767.98694
99 6 2086833.52837
100 6 2142410.70363
101 6 2135773.2411
102 6 3090774.64247
103 6 3097963.98813
104 6 3475264.95032
105 6 3852158.16165
106 6 2681291.76618
107 6 2687460.45608
108 6 3634006.99144
109 6 3639583.34742
110 6 3202591.04401
111 6 3145545.18633
112 6 3757338.97769
113 6 3579597.81741
114 6 2678572.44898
115 6 2087019.52656
116 6 2685498.7644
117 6 3103895.31683
118 6 2575968.22222
119 6 2357804.9658
120 6 2974067.4909
121 6 3583701.86214
122 6 3992622.64546
123 6 3683217.89754
124 6 2457436.73197
125 6 2056174.93528
126 6 2331567.66037
127 6 3121005.89761
0 7 3881622.8475
1 7 3477495.5688
2 7 2508221.52852
3 7 2919742.37107
4 7 2017696.60219
5 7 3510914.88235
6 7 2848376.13955
7 7 3650340.2493
8 7 3472774.37117
9 7 2966365.13157
10 7 2213192.90314
11 7 3715692.56419
12 7 3374891.71987
13 7 3884740.32906
14 7 3357186.3629
15 7 2961633.07408
16 7 3261347.68524
17 7 3921699.89987
18 7 2302485.91702
19 7 3839858.94192
20 7 3719435.37997
21 7 2939258.41799
22 7 2522162.36094
23 7 3646374.64581
24 7 2736827.60389
25 7 3413768.17008
26 7 3042579.07922
27 7 2601067.28119
28 7 2998416.80719
29 7 3694722.94659
30 7 2843058.63218
31 7 2384732.64776
32 7 3102552.24925
33 7 3771874.39501
34 7 3502706.91703
35 7 3727948.37553
36 7 2567745.7774
37 7 3950585.54563
38 7 2420661.53888
39 7 3597787.0211
40 7 2091287.85836
41 7 3194443.9691
42 7 3503837.52193
43 7 2876326.39623
44 7 2647686.16174
45 7 3142760.10343
46 7 2028633.19767
47 7 3357058.28048
48 7 3720492.62612
49 7 3563469.68672
50 7 2067970.17656
51 7 2167965.04416
52 7 2556315.49257
53 7 2573517.2178
54 7 3092352.91046
55 7 3131684.10256
56 7 2249498.10377
57 7 3290596.64517
58 7 2794958.24235
59 7 3707681.95397
60 7 3367460.95987
61 7 3350998.99661
62 7 2165286.00598
63 7 3911300.77925
64 7 3778384.66628
65 7 3439522.15082
66 7 3086826.22021
67 7 3349813.40823
68 7 3968541.10718
69 7 3308023.81775
70 7 2705941.08136
71 7 2516575.24101
72 7 3652010.09292
73 7 2276294.06487
74 7 3752628.74705
75 7 2662452.02317
76 7 3150174.69328
77 7 3447918.04894
78 7 2395853.81542
79 7 2663614.86948
80 7 2771741.6198
81 7 3426793.624
82 7 3412731.998
83 7 2524874.89959
84 7 3428559.23724
85 7 3847292.81897
86 7 2539993.09953
87 7 2837828.71761
88 7 3268131.26939
89 7 3446194.42033
90 7 3506546.53607
91 7 2148754.64654
92 7 2949676.12561
93 7 3788614.50367
94 7 3761806.15408
95 7 3055051.65476
96 7 3312764.37
97 7 3316931.32923
98 7 2467218.40584
99 7 3663754.43382
100 7 2557421.14962
101 7 3350511.80802
102 7 2800230.40047
103 7 3670622.56957
104 7 3898857.01289
105 7 3594226.19139
106 7 2154012.41472
107 7 2715448.21542
108 7 2876869.99389
109 7 2299656.01031
110 7 2199625.73759
111 7 3006054.3336
112 7 3545159.70255
113 7 3670877.32397
114 7 3908475.7337
115 7 3214084.97888
116 7 2685290.40114
117 7 3126405.8343
118 7 3875987.2582
119 7 3454702.4247
120 7 2996895.22808
121 7 3223793.46022
122 7 3111434.02802
123 7 3979008.53706
124 7 3658011.49719
125 7 3144578.29958
126 7 2627429.94752
127 7 2091030.39744
0 8 3359074.56504
1 8 2322170.80797
2 8 3914584.03495
3 8 2207712.73785
4 8 2517820.43721
5 8 3401189.71161
6 8 3937537.7095
7 8 2547768.82162
8 8 2621300.10479
9 8 2275614.32919
10 8 3469914.97174
11 8 3571319.79212
12 8 3286644.99171
13 8 3890259.07845
14 8 2509781.48564
15 8 3790817.19792
16 8 3722503.20578
17 8 2943131.91071
18 8 2114418.96353
19 8 3635728.58294
20 8 3440245.5832
21 8 2747273.45369
22 8 3345572.71363
23 8 3746916.33142
24 8 2576125.25217
25 8 2777827.71119
26 8 3310802.89793
27 8 2303197.14143
28 8 2478634.87615
29 8 2621716.62425
30 8 3461881.15932
31 8 2607571.52756
32 8 2736016.0041
33 8 2151093.56509
34 8 2733121.01962
35 8 3100792.43011
36 8 2056690.34803
37 8 2173516.77373
38 8 3183601.77146
39 8 3066761.81166
40 8 3165120.82122
41 8 3800352.94064
42 8 2001779.34872
43 8 3963793.35867
44 8 2116783.91268
45 8 2837938.60103
46 8 3087449.38636
47 8 2782481.17258
48 8 3296730.10646
49 8 2365391.99645
50 8 2814188.17778
51 8 3191916.79926
52 8 3220855.66333
53 8 3659898.5303
54 8 3092647.63838
55 8 2348336.27687
56 8 2066683.30543
57 8 2720152.94063
58 8 2447404.78663
59 8 3108492.17328
60 8 2617545.13394
61 8 2876545.61832
62 8 2846854.59059
63 8 3539913.37719
64 8 3540773.72835
65 8 2484452.37204
66 8 3969739.91447
67 8 3632593.61491
68 8 3003546.27169
69 8 2547548.35702
70 8 3664058.05381
71 8 3703459.3084
72 8 3024610.91114
73 8 3379883.10444
74 8 3436961.72751
75 8 2410192.67905
76 8 2310317.24586
77 8 2702766.90747
78 8 2529837.29522
79 8 2350721.67127
80 8 2877925.23024
81 8 2814158.30785
82 8 3368621.80186
83 8 2302124.08899
84 8 2071325.03339
85 8 3295148.30627
86 8 3754289.92736
87 8 3397488.41852
88 8 3835135.57752
89 8 2685159.17977
90 8 2677451.78683
91 8 2938287.54132
92 8 2013051.37443
93 8 3366381.44658
94 8 2616844.73509
95 8 2155027.97557
96 8 2253342.04355
97 8 2313483.78621
98 8 2743423.13266
99 8 3000882.43864
100 8 3899042.64543
101 8 2211090.10047
102 8 3860391.24399
103 8 2634751.02201
104 8 3289475.73299
105 8 2639529.43963
106 8 3857699.24065
107 8 2466761.25595
108 8 3682063.4139
109 8 2584261.10813
110 8 3724951.41747
111 8 3567235.15877
112 8 2973947.15219
113 8 3985021.61762
114 8 2197536.93914
115 8 2469675.13193
116 8 2827875.9782
117 8 2985858.79603
118 8 2358817.32248
119 8 2327409.15568
120 8 2680873.67726
121 8 3624707.61122
122 8 3477421.94413
123 8 2784959.85534
124 8 3051636.33138
125 8 3376219.10036
126 8 3737836.97218
127 8 2127106.39038
0 9 3633006.69166
1 9 2250381.6854
2 9 2725328.53556
3 9 3415267.97732
4 9 3138415.2754
5 9 3940410.47392
6 9 2537096.62252
7 9 3330443.65799
8 9 2591542.26418
9 9 3457118.95484
10 9 2648680.78826
11 9 2241020.18751
12 9 2415766.04602
13 9 2965878.57951
14 9 2740094.75076
15 9 2532621.0864
16 9 2036251.08364
17 9 3882176.8271
18 9 3296815.79249
19 9 3225694.13517
20 9 2230172.96411
21 9 2446992.3755
22 9 2908759.86545
23 9 2152128.43031
24 9 2552318.75666
25 9 3701358.11853
26 9 3871630.81193
27 9 3412717.75322
28 9 2284707.75763
29 9 2430464.75424
30 9 3952931.01901
31 9 3794507.97374
32 9 2172777.64353
33 9 2803371.58541
34 9 3469198.34782
35 9 2100562.66931
36 9 2908954.80783
37 9 2265870.14933
38 9 2624497.49264
39 9 2437789.27523
40 9 3637754.02877
41 9 2496207.21129
42 9 3480038.03663
43 9 3989588.46506
44 9 2799865.29839
45 9 3962968.34033
46 9 2096729.48758
47 9 3844259.79017
48 9 3139363.85145
49 9 3633780.5527
50 9 3411121.6411
51 9 3939191.31406
52 9 3294906.66145
53 9 3663812.22013
54 9 2462367.83074
55 9 3269791.79651
56 9 2891207.65427
57 9 3141590.17651
58 9 3721143.29863
59 9 3937538.45241
60 9 3240393.59232
61 9 2549345.61419
62 9 2400334.90518
63 9 2896839.66136
64 9 2910161.20865
65 9 2936929.64549
66 9 3261383.93277
67 9 2743299.26569
68 9 3332440.20883
69 9 3544207.09203
70 9 2298923.17296
71 9 2366136.99039
72 9 2061148.43696
73 9 3145846.01153
74 9 2783466.414
75 9 2628938.81447
76 9 2624490.13621
77 9 2855066.39609
78 9 3513192.93541
79 9 3977025.31031
80 9 3751547.03455
81 9 3888625.01185
82 9 3191723.55181
83 9 3238213.02761
84 9 3343586.98839
85 9 3281859.82044
86 9 3657754.26485
87 9 3511985.39182
88 9 2945347.00845
89 9 3535618.62499
90 9 2276178.01643
91 9 2161813.25862
92 9 2406512.38733
93 9 3330189.53789
94 9 3771023.51985
95 9 2480848.41994
96 9 3989449.10073
97 9 3690521.12505
98 9 2045638.61602
99 9 2128255.37209
100 9 3733703.35651
101 9 3820189.48373
102 9 2770643.78178
103 9 3274767.98045
104 9 2764397.62439
105 9 2991256.1452
106 9 2063011.10324
107 9 2101446.41213
108 9 2589548.56679
109 9 3675664.7318
110 9 2664385.54787
111 9 2015250.77339
112 9 2546232.62785
113 9 2428156.49857
114 9 3980603.81523
115 9 2630614.67162
116 9 2292376.57923
117 9 2596582.45017
118 9 2108475.71499
119 9 2816264.19245
120 9 2141301.03023
121 9 3252464.49918
122 9 2137756.74825
123 9 2606177.52149
124 9 2744152.92457
125 9 3246574.79763
126 9 3757961.19573
127 9 3638701.37977
0 10 3933253.54738
1 10 3976744.98465
2 10 2745798.65457
3 10 2190051.90098
4 10 3289714.05614
5 10 3580654.45201
6 10 2977162.40729
7 10 3106972.74757
8 10 3722103.82341
9 10 3780283.10514
10 10 2871363.0105
11 10 2273088.74999
12 10 3944332.81056
13 10 3847331.88385
14 10 2529677.0048
15 10 3868460.3745
16 10 3206545.16933
17 10 3643520.4412
18 10 2130809.83302
19 10 3032865.46582
20 10 3588472.35144
21 10 2312066.84454
22 10 2969551.59576
23 10 3041705.2595
24 10 2018253.57731
25 10 2364600.28466
26 10 2268690.1195
27 10 2488552.25318
28 10 3765946.74258
29 10 2983829.48506
30 10 3247877.88014
31 10 3716769.11153
32 10 2767062.342
33 10 2685615.82881
34 10 2850755.81996
35 10 3197912.28773
36 10 3352286.49961
37 10 2227775.70801
38 10 3517869.25546
39 10 2331586.07358
40 10 2178692.41819
41 10 3843865.68617
42 10 2963230.21403
43 10 2031774.09582
44 10 3145191.04202
45 10 3701038.48314
46 10 2422170.66192
47 10 2152940.91596
48 10 2715839.16128
49 10 3243619.63627
50 10 3823824.97054
51 10 2408819.93764
52 10 3484270.30364
53 10 2483366.91548
54 10 2653491.40024
55 10 2213440.9191
56 10 3737806.13647
57 10 3246185.91524
58 10 2501922.0344
59 10 2654645.22725
60 10 3705656.34607
61 10 2783750.38968
62 10 2275197.90745
63 10 2659282.22511
64 10 2165193.10453
65 10 3455137.39087
66 10 2179561.91362
67 10 2056248.93878
68 10 2743785.98064
69 10 3916250.5598
70 10 2925372.6752
71 10 3804599.82028
72 10 2225244.42421
73 10 2053230.35619
74 10 3814818.60289
75 10 2277818.12096
76 10 3140669.17771
77 10 2652316.22698
78 10 3937041.49224
79 10 3445445.95396
80 10 3938721.21939
81 10 2534525.34631
82 10 2875976.69247
83 10 3123394.77891
84 10 2598559.22639
85 10 3298188.85972
86 10 2588520.70092
87 10 3441986.71603
88 10 2401417.19487
89 10 2812830.27792
90 10 3845098.31102
91 10 2079022.27493
92 10 3842965.94917
93 10 3998301.15894
94 10 2402459.02795
95 10 3470846.44723
96 10 3984285.11544
97 10 2710179.65642
98 10 3756101.28661
99 10 3645831.73711
100 10 3325587.46954
101 10 3826288.7002
102 10 3544732.595
103 10 3206853.84131
104 10 2094923.3488
105 10 3109087.87477
106 10 3170342.41281
107 10 2210745.96644
108 10 2040710.64308
109 10 3530379.71296
110 10 2884730.42706
111 10 2110003.7368
112 10 3832042.38376
113 10 2721136.92116
114 10 3930045.60932
115 10 3773195.12533
116 10 3950753.95595
117 10 2963747.38231
118 10 2886444.4636
119 10 3473537.75041
120 10 3791958.99025
121 10 3133807.76127
122 10 2684726.09028
123 10 3069254.98898
124 10 3870935.10101
125 10 2168920.78273
126 10 3486349.65705
127 10 3782760.88544
0 11 2992237.72211
1 11 3720491.84669
2 11 3431973.53346
3 11 3995187.92062
4 11 2153816.68947
5 11 3825012.68714
6 11 2397649.27404
7 11 2742858.35626
8 11 3322031.98734
9 11 3638452.92284
10 11 2633008.00511
11 11 2395908.32047
12 11 2471866.28178
13 11 2912549.75056
14 11 2579467.67661
15 11 3114675.89565
16 11 3440130.13236
17 11 2420810.58242
18 11 2593860.62146
19 11 3979917.90132
20 11 3175739.00264
21 11 2136843.02478
22 11 2556123.03715
23 11 2380163.69712
24 11 2464482.88299
25 11 2199310.11252
26 11 2886707.65171
27 11 3675036.53841
28 11 3352197.81765
29 11 3484170.91719
30 11 3231217.01466
31 11 3799533.89847
32 11 2860532.4292
33 11 2381269.40039
34 11 3735724.62107
35 11 2557763.12103
36 11 2945763.57852
37 11 3875383.41707
38 11 3249121.38796
39 11 2820210.37011
40 11 2928197.91096
41 11 3307519.75797
42 11 3594160.35354
43 11 2098494.43854
44 11 3438472.29128
45 11 2211700.67204
46 11 2527175.72887
47 11 3125291.30582
48 11 2490871.93759
49 11 2981178.96464
50 11 2680820.7843
51 11 2070106.48353
52 11 2874804.23447
53 11 2743860.34394
54 11 2530208.5708
55 11 2310594.89534
56 11 2359061.83381
57 11 2469724.27737
58 11 2665601.33791
59 11 3672819.64621
60 11 3880160.15105
61 11 3900326.91768
62 11 2382136.62494
63 11 3297312.71864
64 11 3048144.24221
65 11 2546058.54693
66 11 2172184.12138
67 11 2097912.13
68 11 2966286.46164
69 11 3329321.92828
70 11 2210801.44994
71 11 2826435.14084
72 11 2931256.52864
73 11 3313480.18487
74 11 2331217.80332
75 11 3902967.93832
76 11 3470906.44386
77 11 3515715.38735
78 11 3517251.42137
79 11 2710802.86494
80 11 3498483.84
81 11 2983453.4254
82 11 2819032.94904
83 11 3185808.85131
84 11 3841198.67235
85 11 3515577.74512
86 11 2580239.33356
87 11 2015784.09608
88 11 3834169.43892
89 11 2767273.60015
90 11 2485161.95049
91 11 3685746.15606
92 11 3828414.16816
93 11 2273697.72403
94 11 2164669.56321
95 11 3144477.53886
96 11 2201221.03612
97 11 2302893.5058
98 11 2437508.6814
99 11 3606830.84199
100 11 3093341.67625
101 11 2997717.94384
102 11 2870488.99675
103 11 2477788.29565
104 11 2860895.1232
105 11 3686950.27963
106 11 2005768.5969
107 11 2809098.83032
108 11 3986868.37646
109 11 2939517.74026
110 11 2886558.76469
111 11 3875167.79591
112 11 3823968.02131
113 11 2514881.37567
114 11 2570942.62863
115 11 3179494.29019
116 11 3442887.26457
117 11 3403499.95771
118 11 3774194.71111
119 11 3632422.44854
120 11 3583863.25578
121 11 3648237.12581
122 11 2212472.49602
123 11 3435280.71402
124 11 2881662.49629
125 11 2149058.73984
126 11 2326546.75766
127 11 2780912.73105
0 12 3773820.72403
1 12 3231581.37887
2 12 3807011.87139
3 12 2168591.80223
4 12 2879198.88609
5 12 2436535.1054
6 12 3928224.31201
7 12 2527239.36481
8 12 3047481.91946
9 12 2430063.78312
10 12 3683947.58676
11 12 3744195.07806
12 12 3892683.78253
13 12 3305954.58287
14 12 3638850.53469
15 12 2744479.69758
16 12 2894947.58354
17 12 3223659.14634
18 12 2227389.06493
19 12 3997336.75735
20 12 2658962.56946
21 12 3460549.18693
22 12 3047517.96634
23 12 2674309.85791
24 12 2730762.61154
25 12 3225474.63643
26 12 3160229.05174
27 12 3679225.71041
28 12 2737304.25726
29 12 3664565.00604
30 12 2909292.85737
31 12 2890805.25192
32 12 3117694.69531
33 12 3255751.66457
34 12 2589740.65885
35 12 3794111.89825
36 12 2844507.04421
37 12 3906082.75381
38 12 2360654.93251
39 12 2536594.32332
40 12 2530780.68557
41 12 3216163.86272
42 12 3616271.32134
43 12 2374338.06781
44 12 2633871.43044
45 12 3970402.15558
46 12 2946399.40817
47 12 2978119.47979
48 12 3039793.24941
49 12 2212763.11447
50 12 3559957.28564
51 12 2607327.69288
52 12 2128334.51309
53 12 3034530.80367
54 12 2990821.50101
55 12 3200490.33747
56 12 2944627.72856
57 12 2850856.13454
58 12 2815669.8464
59 12 2415051.06238
60 12 3109084.8591
61 12 3186355.48368
62 12 2217040.91571
63 12 3925453.61753
64 12 2880529.41213
65 12 3579445.6118
66 12 2156543.31871
67 12 2453481.25867
68 12 2337154.77559
69 12 3134765.15659
70 12 3567301.65522
71 12 2457671.25982
72 12 2085305.66379
73 12 3165895.541
74 12 2569642.84577
75 12 2317917.58317
76 12 3124891.37386
77 12 2720541.35475
78 12 2248435.4253
79 12 3022914.33747
80 12 2388787.44967
81 12 3232636.34989
82 12 2512145.44143
83 12 2939691.01632
84 12 2060045.48762
85 12 3634634.12983
86 12 3133648.5497
87 12 2301277.29352
88 12 2938214.59514
89 12 3406318.73747
90 12 3769746.13279
91 12 2452164.33414
92 12 3921828.04401
93 12 3072050.72565
94 12 3243184.67086
95 12 3454783.41709
96 12 3221869.61704
97 12 3643757.63324
98 12 2805366.4334
99 12 2852968.85998
100 12 2737892.59755
101 12 2688486.69983
102 12 2113530.50518
103 12 2912069.68352
104 12 3964077.47548
105 12 3930169.40183
106 12 3393986.20572
107 12 3131184.78362
108 12 3113876.35336
109 12 3516702.74829
110 12 2736151.25955
111 12 3865760.3267
112 12 2601479.31648
113 12 2908942.45177
114 12 2555634.16118
115 12 3693684.6124
116 12 3411648.14257
117 12 2838280.24487
118 12 3182629.46898
119 12 3576625.11202
120 12 2624263.04416
121 12 2993668.10868
122 12 3534699.03944
123 12 2890454.36829
124 12 2988497.45502
125 12 2634631.39658
126 12 3096599.59038
127 12 2147187.04781
0 13 3479239.17741
1 13 2740782.02711
2 13 3591180.94502
3 13 3095373.79551
4 13 2984028.32101
5 13 3522663.22799
6 13 2965440.99925
7 13 3419602.68228
8 13 2656736.67305
9 13 2015137.20316
10 13 3088426.01804
11 13 2090366.76793
12 13 3603939.42159
13 13 3873974.9427
14 13 3233957.64903
15 13 3359046.37248
16 13 3019228.30353
17 13 2251566.31525
18 13 2948560.80524
19 13 2637251.25521
20 13 3855300.41094
21 13 2258416.97337
22 13 3899869.46157
23 13 2585237.0989
24 13 3325082.67116
25 13 3224002.57669
26 13 3555593.65539
27 13 3315611.19104
28 13 2404287.23722
29 13 3549139.82978
30 13 3034371.07692
31 13 3037152.65138
32 13 3151063.69417
33 13 2043238.17728
34 13 3578384.28596
35 13 2178115.47442
36 13 2014536.57265
37 13 2525505.01418
38 13 3349782.45194
39 13 3108673.75052
40 13 3469472.8495
41 13 3299922.53455
42 13 2046184.43172
43 13 3782444.40015
44 13 3719129.86896
45 13 3726203.21417
46 13 2207133.05871
47 13 2445770.44293
48 13 3040618.82528
49 13 3467305.69087
50 13 2084788.5342
51 13 3078058.13909
52 13 2019793.08745
53 13 3142046.66663
54 13 3678068.00261
55 13 3105031.79381
56 13 2896546.85982
57 13 3625921.76132
58 13 3416021.74459
59 13 2350538.13687
60 13 3482482.53704
61 13 2672529.19702
62 13 3856958.69056
63 13 2098411.23889
64 13 3891295.56461
65 13 3000359.75922
66 13 3936837.59886
67 13 3682410.2396
68 13 2107734.7446
69 13 2434776.07429
70 13 3373225.51958
71 13 3494622.58156
72 13 2494705.46373
73 13 3811420.42165
74 13 3385739.21694
75 13 3942493.21393
76 13 2256787.58043
77 13 2798444.26865
78 13 3071496.09236
79 13 3738364.01221
80 13 3042627.79318
81 13 3741918.75438
82 13 2939464.90127
83 13 2138517.17985
84 13 2715643.74883
85 13 3049997.91353
86 13 2260042.45537
87 13 3880232.31132
88 13 2637862.25827
89 13 2350078.73086
90 13 3051708.9778
91 13 2300432.79438
92 13 2798090.90509
93 13 2042913.03334
94 13 3313256.70418
95 13 2844854.43116
96 13 3280911.73549
97 13 2678203.3584
98 13 2596208.94006
99 13 3546513.95445
100 13 3162259.59513
101 13 3830288.2356
102 13 3506928.08409
103 13 2148901.53668
104 13 3822292.84299
105 13 3981364.80424
106 13 3808238.23623
107 13 3064003.03959
108 13 3872357.64364
109 13 2716544.84749
110 13 3710928.1658
111 13 2331610.45581
112 13 3158966.61303
113 13 2266650.97006
114 13 2964520.56403
115 13 2923492.38228
116 13 2901934.12133
117 13 3345139.49493
118 13 2534838.28635
119 13 3658861.00387
120 13 2612307.96185
121 13 2758744.02144
122 13 3171040.24016
123 13 3964871.72522
124 13 2715999.57186
125 13 3461857.53473
126 13 2584847.30812
127 13 3507776.6117
0 14 2802487.65204
1 14 3704890.45248
2 14 2622455.58658
3 14 3164804.51776
4 14 3587605.53585
5 14 3181786.40931
6 14 2799911.08362
7 14 2446887.13025
8 14 2763415.67621
9 14 3920980.24589
10 14 2599080.45198
11 14 3536369.21107
12 14 3501304.34257
13 14 3116556.38617
14 14 2214554.31004
15 14 2914129.60885
16 14 3422763.58149
17 14 3789983.27704
18 14 3707821.98018
19 14 3065795.5469
20 14 3003550.40208
21 14 2290380.86619
22 14 3221595.36025
23 14 2197086.68569
24 14 3327414.81146
25 14 3536322.4707
26 14 3598115.88284
27 14 2762359.52122
28 14 3550340.08471
29 14 2326249.8912
30 14 2403907.74319
31 14 3655595.18579
32 14 2230806.06675
33 14 3940228.50299
34 14 3397475.75686
35 14 2125486.10731
36 14 3420636.67145
37 14 2802109.23957
38 14 3977455.83071
39 14 2307402.35219
40 14 3123124.04311
41 14 2201863.97541
42 14 3387281.74417
43 14 3219421.87306
44 14 2574312.62919
45 14 3940768.75803
46 14 2703448.27999
47 14 2540418.16074
48 14 2471650.01296
49 14 3915745.44478
50 14 3890992.90335
51 14 3840743.59594
52 14 2481581.00542
53 14 3226545.61244
54 14 2386975.298
55 14 2437052.77702
56 14 3971827.33401
57 14 3998422.73511
58 14 2520681.90341
59 14 2531041.8956
60 14 3424807.33113
61 14 3098251.2648
62 14 2381965.17335
63 14 2306530.15677
64 14 2735358.8896
65 14 2413940.56342
66 14 3105198.64728
67 14 3449389.35243
68 14 2885218.94294
69 14 2328562.67046
70 14 2723214.75145
71 14 2483894.89261
72 14 2183326.73303
73 14 2253143.54896
74 14 3126927.83943
75 14 2636169.06496
76 14 2954211.90845
77 14 2158850.33238
78 14 3312414.74457
79 14 2938129.2523
80 14 3752606.26213
81 14 2163338.91685
82 14 3619440.71092
83 14 2732984.23912
84 14 2238184.37435
85 14 2246207.47527
86 14 2321014.11728
87 14 3486760.09703
88 14 3597911.79101
89 14 2016295.9161
90 14 3851729.42861
91 14 3611494.37385
92 14 3574257.2637
93 14 2077701.89968
94 14 3536664.21031
95 14 2646444.86436
96 14 3670198.72165
97 14 2615454.4215
98 14 2455760.32006
99 14 3047867.41515
100 14 2564987.30691
101 14 2417698.85562
102 14 3340056.86606
103 14 3511473.93862
104 14 3377075.24742
105 14 2843071.02721
106 14 3103748.19167
107 14 3298639.79486
108 14 3444380.58256
109 14 3274874.90551
110 14 2855435.20812
111 14 3721926.71263
112 14 2881027.83479
113 14 2748910.40115
114 14 3649108.1844
115 14 3708914.12283
116 14 2469696.26008
117 14 3460885.81571
118 14 2173932.35117
119 14 2642110.88352
120 14 3246778.43837
121 14 2241837.54852
122 14 3181548.99848
123 14 2492808.75797
124 14 2717387.02866
125 14 2343681.6708
126 14 2596621.54281
127 14 3466165.75431
0 15 2484549.56819
1 15 3799242.54939
2 15 3054409.58994
3 15 2599604.87953
4 15 2371381.26189
5 15 2563326.10077
6 15 3237849.66776
7 15 3821930.23441
8 15 2108559.67676
9 15 2549623.46107
10 15 3073085.57878
11 15 2905766.71757
12 15 2633008.86303
13 15 2912851.85074
14 15 2147332.63873
15 15 3111605.97778
16 15 3241710.73124
17 15 2096779.82613
18 15 2625559.16075
19 15 2947578.29884
20 15 3257924.08241
21 15 3823354.25558
22 15 3340810.58823
23 15 3824618.10397
24 15 3291714.69046
25 15 2599411.11984
26 15 3439032.02107
27 15 2368119.55237
28 15 3754744.65796
29 15 3566969.68599
30 15 3948275.53365
31 15 2736350.28542
32 15 3873469.00023
33 15 3528264.10683
34 15 3987826.60781
35 15 3920927.59149
36 15 2364132.48672
37 15 2884443.96649
38 15 2793215.74169
39 15 3491494.69621
40 15 2662810.66221
41 15 2698788.66887
42 15 2925426.6777
43 15 3556007.06418
44 15 3162955.10392
45 15 2860670.02296
46 15 2820024.37091
47 15 3380938.43337
48 15 2471468.39003
49 15 3831256.48045
50 15 2007107.95768
51 15 2272762.50488
52 15 3342421.94821
53 15 3613080.46906
54 15 3548385.65057
55 15 2518821.40821
56 15 3141906.44198
57 15 2121488.37898
58 15 3112596.85536
59 15 2385083.08961
60 15 2025404.50774
61 15 3012945.81051
62 15 2708127.59136
63 15 2209481.10011
64 15 2955345.74542
65 15 2899813.97216
66 15 3823602.69331
67 15 2503162.25568
68 15 2107591.23798
69 15 2703841.91061
70 15 2098886.0034
71 15 2625265.26426
72 15 2762464.98998
73 15 3310324.87147
74 15 3901865.19256
75 15 3687172.44955
76 15 2659462.37989
77 15 2573299.5071
78 15 2709362.92538
79 15 3391188.13714
80 15 2630207.39917
81 15 3032275.89359
82 15 2532561.9144
83 15 2969507.0122
84 15 3237035.9114
85 15 3268586.38328
86 15 3704449.99176
87 15 2172292.01478
88 15 3833270.90184
89 15 2441875.47283
90 15 3239801.48099
91 15 2905182.35946
92 15 3413705.98968
93 15 3795952.27092
94 15 2260023.71324
95 15 2911165.1767
96 15 3777503.15746
97 15 2141887.59212
98 15 2129066.87357
99 15 3873995.79926
100 15 2202483.20124
101 15 3946213.08444
102 15 2887547.63326
103 15 3698775.34583
104 15 3367444.52633
105 15 2161370.47713
106 15 2156243.06328
107 15 2931326.25194
108 15 2381026.25416
109 15 2490554.4663
110 15 2042056.06876
111 15 2099326.11367
112 15 2984629.03996
113 15 2103859.40262
114 15 2056758.32811
115 15 2475037.48872
116 15 2417521.27256
117 15 3791648.69322
118 15 2704244.2081
119 15 3754876.93237
120 15 3659337.21374
121 15 3326074.35843
122 15 2458511.25859
123 15 3491009.77267
124 15 2935448.00294
125 15 3426521.42691
126 15 2573224.524
127 15 2872967.079
0 16 2040054.34551
1 16 3580656.65194
2 16 2378804.61824
3 16 2629233.96727
4 16 2014426.20974
5 16 2557180.37624
6 16 3454197.96817
7 16 3984221.06092
8 16 3805190.73177
9 16 3822190.77893
10 16 2002169.01304
11 16 2832042.92781
12 16 3327795.80669
13 16 3195393.09567
14 16 2194285.71896
15 16 2391452.31302
16 16 2365716.9456
17 16 2826966.74664
18 16 3835830.29793
19 16 3327987.90127
20 16 3043088.91059
21 16 3634272.50405
22 16 3851823.18849
23 16 2164863.29664
24 16 3735966.7772
25 16 2170801.85991
26 16 2562386.22908
27 16 3035878.40354
28 16 3121911.57772
29 16 3616471.24725
30 16 2771222.90088
31 16 3769570.67344
32 16 2017090.74564
33 16 3065041.59245
34 16 2029085.22041
35 16 2631272.69946
36 16 3736309.33227
37 16 2589104.88379
38 16 2657307.88328
39 16 3236303.29696
40 16 3254641.59559
41 16 2563193.87284
42 16 2532149.08242
43 16 3722632.24542
44 16 2094668.11787
45 16 3223259.86404
46 16 2796318.70063
47 16 2136690.65662
48 16 3505696.31934
49 16 2785089.6354
50 16 2019195.26375
51 16 2310698.73414
52 16 3235874.2069
53 16 3692588.60995
54 16 2831303.67498
55 16 2117445.1005
56 16 3429056.04351
57 16 3600841.88926
58 16 3729604.73682
59 16 2769435.37067
60 16 3363068.06403
61 16 2852154.65794
62 16 2025060.0272
63 16 2038898.11023
64 16 2635464.02744
65 16 2305380.60236
66 16 2019779.92543
67 16 2158986.56495
68 16 2042506.95833
69 16 2308050.02875
70 16 2382922.78856
71 16 3128069.80361
72 16 3754906.42283
73 16 3774732.91338
74 16 3392867.32497
75 16 3240042.01267
76 16 2978011.84079
77 16 3399913.01978
78 16 3421819.89168
79 16 2211868.5818
80 16 3969378.21917
81 16 3725228.10849
82 16 3915972.7655
83 16 3118968.49767
84 16 2855773.892
85 16 2284363.07063
86 16 2333686.72717
87 16 2397909.63331
88 16 3241030.64645
89 16 2233658.32891
90 16 2656542.66502
91 16 3643407.13726
92 16 3337007.44664
93 16 3668582.11799
94 16 2195776.87151
95 16 2308132.27391
96 16 3847209.08537
97 16 2941600.71717
98 16 3889385.12398
99 16 3490568.25792
100 16 3670564.19411
101 16 3421131.64495
102 16 3781285.04225
103 16 3695983.38689
104 16 3602916.68523
105 16 2933940.67843
106 16 2213720.39508
107 16 2403851.34845
108 16 2177534.83159
109 16 3210272.43726
110 16 3716485.98111
111 16 2194789.27753
112 16 3460611.88928
113 16 3898328.54184
114 16 3230813.03531
115 16 2128311.63892
116 16 3525448.15725
117 16 2436112.51233
118 16 3768209.70415
119 16 2949636.63641
120 16 2062072.77485
121 16 2595066.25795
122 16 2128821.41623
123 16 2016539.50204
124 16 3963007.4488
125 16 2700761.77038
126 16 3146127.36931
127 16 3255251.12834
0 17 2781795.16569
1 17 3703309.0821
2 17 2084148.00124
3 17 3224320.42334
4 17 2383810.95517
5 17 3688187.90094
6 17 2688530.12455
7 17 2334709.19067
8 17 2417939.33471
9 17 3345944.84544
10 17 3023066.73888
11 17 2263186.33986
12 17 3241142.60405
13 17 3379227.13435
14 17 2049517.40381
15 17 2147068.26025
16 17 2483557.97633
17 17 2646891.95246
18 17 2215848.94274
19 17 3720959.4752
20 17 2891080.98132
21 17 2281844.73046
22 17 2828969.16172
23 17 3812902.35465
24 17 3634105.6163
25 17 2159361.65106
26 17 3605223.39579
27 17 2182873.20582
28 17 3922517.76423
29 17 2192835.69094
30 17 2141753.33148
31 17 3072629.03477
32 17 3443499.82517
33 17 2465100.15428
34 17 3649174.31655
35 17 2071231.25623
36 17 2712912.07144
37 17 2563812.03376
38 17 2730952.17945
39 17 2167594.60963
40 17 3921896.08392
41 17 2716067.13776
42 17 3944463.82005
43 17 2483691.01778
44 17 3320633.47548
45 17 2196223.27559
46 17 3659962.32939
47 17 3598230.86879
48 17 3084472.80508
49 17 3446836.07859
50 17 3169223.85745
51 17 2092667.08989
52 17 2482452.85807
53 17 2971030.62113
54 17 3656955.35606
55 17 2544752.00273
56 17 2983122.0594
57 17 2059661.13649
58 17 2910120.52239
59 17 2591460.16188
60 17 3595070.68784
61 17 3954371.33942
62 17 3012672.44122
63 17 3875876.42443
64 17 2632044.38725
65 17 3213532.3985
66 17 2950759.59101
67 17 3617957.62753
68 17 2951864.40911
69 17 3194019.98854
70 17 2149325.42576
71 17 3716105.4484
72 17 2209846.0377
73 17 3983038.60662
74 17 2277455.03961
75 17 3740013.00587
76 17 2257637.06576
77 17 3814345.29404
78 17 2917217.61572
79 17 2474304.66982
80 17 3912316.45428
81 17 2944699.35987
82 17 2649447.44942
83 17 3339372.62638
84 17 3571393.66392
85 17 3983132.26998
86 17 3514137.15544
87 17 2349068.12161
88 17 2020407.34541
89 17 2785041.91921
90 17 2810475.29621
91 17 3175852.7869
92 17 3490127.63134
93 17 3369383.98286
94 17 3319920.24072
95 17 2508441.45187
96 17 3070416.35027
97 17 3179940.37237
98 17 3136763.50375
99 17 2949566.78413
100 17 3649894.98673
101 17 3903503.83539
102 17 3632755.0147
103 17 2565368.08946
104 17 2926089.86554
105 17 3089759.19747
106 17 2284735.0541
107 17 3762843.23083
108 17 2390475.3527
109 17 3086057.02749
110 17 3452380.6603
111 17 2853198.49829
112 17 3918348.13572
113 17 2498367.8133
114 17 2600913.77028
115 17 2988083.58151
116 17 3168468.96521
117 17 3484036.29912
118 17 3049308.41304
119 17 3422874.3409
120 17 2647982.90069
121 17 2461307.65889
122 17 2425066.42763
123 17 3707015.20395
124 17 2609723.0795
125 17 3761739.06727
126 17 2834627.51038
127 17 2742047.69283
0 18 2709251.90677
1 18 2270274.82668
2 18 2972993.90982
3 18 2015741.21088
4 18 3025065.30703
5 18 3705070.95817
6 18 3860567.5038
7 18 3044720.10084
8 18 3681148.64361
9 18 2419819.86745
10 18 2103908.08896
11 18 2933813.84687
12 18 3977825.11239
13 18 2960405.52144
14 18 3409052.67978
15 18 2788922.79042
16 18 3847051.01926
17 18 3162620.02899
18 18 2199317.99658
19 18 3697766.41372
20 18 3020106.98992
21 18 2005605.90085
22 18 3521439.95033
23 18 3727408.05226
24 18 2769699.07357
25 18 3566506.63318
26 18 3381605.21452
27 18 2855911.65619
28 18 2755268.03846
29 18 3910966.82533
30 18 2614003.09074
31 18 3861140.61411
32 18 2731181.49907
33 18 2141685.10629
34 18 3986871.80477
35 18 3975114.9679
36 18 2571469.40037
37 18 3329656.99932
38 18 3509365.37993
39 18 2870393.03055
40 18 3238318.99926
41 18 3595250.71151
42 18 2053592.3189
43 18 2793395.6124
44 18 3617085.92884
45 18 3305869.80093
46 18 2713561.10958
47 18 2952444.20516
48 18 3723025.85284
49 18 2233609.67373
50 18 2194836.77776
51 18 3933161.65175
52 18 3794776.72928
53 18 2702094.10884
54 18 3679801.46091
55 18 2336174.87803
56 18 2656001.28951
57 18 2642528.12165
58 18 2189563.79775
59 18 2310377.79207
60 18 2779609.95931
61 18 3418195.06061
62 18 3011134.82259
63 18 3715741.37302
64 18 2045595.14945
65 18 3678235.19919
66 18 3589427.49696
67 18 2156196.97372
68 18 3175840.52717
69 18 2861802.08326
70 18 3258819.09619
71 18 3664448.83307
72 18 2323088.40327
73 18 2044542.03131
74 18 2282099.60711
75 18 2109515.75445
76 18 2588412.97387
77 18 2727786.01211
78 18 2295738.58779
79 18 2324798.43234
80 18 3702282.03851
81 18 2484329.03432
82 18 3936938.23076
83 18 2226714.38757
84 18 3744052.8649
85 18 2982908.7021
86 18 3715397.98322
87 18 3859537.82553
88 18 3939215.03417
89 18 3986703.98997
90 18 3948403.55104
91 18 3606711.86395
92 18 2660984.64368
93 18 3436507.42435
94 18 3753345.87575
95 18 3861691.77498
96 18 3144783.22919
97 18 2616049.57958
98 18 2700069.31949
99 18 2662533.67307
100 18 2180799.84777
101 18 2486397.80907
102 18 3243052.4515
103 18 2915289.17525
104 18 3179450.1475
105 18 3623836.97798
106 18 3490327.93287
107 18 3247049.58346
108 18 2417044.99044
109 18 2971129.6938
110 18 2695004.18477
111 18 3109222.93031
112 18 2302745.7977
113 18 2315786.5592
114 18 2430196.67271
115 18 3324681.98206
116 18 2962882.80051
117 18 3640488.1699
118 18 3176688.7279
119 18 2409052.73786
120 18 3543580.12982
121 18 3250469.91515
122 18 2296560.68614
123 18 2858710.72061
124 18 2157542.6643
125 18 2884369.90397
126 18 3833585.78488
127 18 2408728.87824
0 19 2912655.93729
1 19 2934578.14257
2 19 2694637.43964
3 19 3590746.27711
4 19 2607783.51749
5 19 3493851.70546
6 19 2830711.0556
7 19 3258625.10012
8 19 2821328.97205
9 19 2119839.30606
10 19 2692586.92315
11 19 2249088.26307
12 19 3816425.87503
13 19 3618896.23922
14 19 3170502.39597
15 19 3300945.07369
16 19 3355301.42577
17 19 3067075.59448
18 19 3020329.54133
19 19 2738216.67364
20 19 3360244.06879
21 19 2877479.65214
22 19 2280128.22371
23 19 2196817.23029
24 19 3030373.79316
25 19 2202637.22006
26 19 2316083.88532
27 19 3528705.83642
28 19 3037159.9699
29 19 3376962.18614
30 19 2725020.3549
31 19 2913525.78931
32 19 3808352.15739
33 19 2489616.57484
34 19 3913680.91171
35 19 3823580.13981
36 19 2178651.6618
37 19 3982743.0116
38 19 3167900.07668
39 19 2676638.33943
40 19 3943390.24974
41 19 3304881.11368
42 19 2483684.76618
43 19 3869759.77171
44 19 3792556.93186
45 19 3809075.81969
46 19 3759266.11638
47 19 3321086.71465
48 19 3172254.35931
49 19 3060348.31825
50 19 3494035.90407
51 19 2637286.96997
52 19 3378758.23503
53 19 3065274.48557
54 19 3268494.92783
55 19 2873178.88425
56 19 2554350.69582
57 19 3548094.61742
58 19 3242883.90757
59 19 3202043.39372
60 19 3116927.2748
61 19 3256228.56273
62 19 2788562.52713
63 19 3224267.89435
64 19 3263084.35748
65 19 3261685.56264
66 19 2642102.07931
67 19 2070257.96116
68 19 3960731.01581
69 19 2158727.77759
70 19 2771601.34094
71 19 3366333.55002
72 19 2652410.1334
73 19 2945355.13826
74 19 3686536.39269
75 19 3434000.31227
76 19 3190972.02803
77 19 3531526.51141
78 19 3393478.07201
79 19 2778972.90635
80 19 2959305.10792
81 19 2687276.20121
82 19 3958276.82109
83 19 2634942.46469
84 19 3892491.8242
85 19 2902462.52941
86 19 2740139.53937
87 19 3220377.22819
88 19 3772271.39649
89 19 3796138.74371
90 19 3576548.1438
91 19 3019583.20125
92 19 2503265.97669
93 19 2133775.16689
94 19 3031504.04517
95 19 3592399.23813
96 19 2057896.03376
97 19 3979780.15279
98 19 2196557.55819
99 19 3110127.4874
100 19 2422294.58659
101 19 3486789.75714
102 19 2115725.26667
103 19 3224409.02325
104 19 2777788.61768
105 19 3984854.12966
106 19 3167999.66219
107 19 3017652.1686
108 19 2282719.7777
109 19 2181437.81016
110 19 3256904.09519
111 19 2346926.6169
112 19 2278267.57568
113 19 3456251.18966
114 19 3044827.17749
115 19 3509543.99677
116 19 3076959.13251
117 19 2815525.53428
118 19 3714839.04541
119 19 3046737.60383
120 19 3432480.30535
121 19 2854905.68993
122 19 2298332.33489
123 19 3386217.37988
124 19 2888057.15538
125 19 2037879.00183
126 19 2765837.17268
127 19 3755782.33533
0 20 3288536.74208
1 20 3834532.51979
2 20 2498624.3241
3 20 2656125.21843
4 20 3419735.75348
5 20 2444754.48709
6 20 2846316.09307
7 20 2237820.28815
8 20 2720635.78028
9 20 3825673.55583
10 20 2892971.25778
11 20 2324115.60483
12 20 2394818.20825
13 20 3047942.34589
14 20 2386562.94282
15 20 3954510.65439
16 20 2611393.6891
17 20 3000650.88165
18 20 2798010.46414
19 20 3289714.04901
20 20 2827679.78619
21 20 2064539.92896
22 20 3156971.07917
23 20 2919904.08666
24 20 3819568.99217
25 20 3138033.99717
26 20 2458880.31019
27 20 2898923.48749
28 20 2846164.8866
29 20 2742414.13323
30 20 3430002.24073
31 20 2527206.1595
32 20 2014762.13864
33 20 2823346.99312
34 20 3549681.9007
35 20 2261301.54549
36 20 3240583.53475
37 20 2615292.45989
38 20 3916660.02183
39 20 2819234.75392
40 20 3945681.45469
41 20 3859271.30463
42 20 3706342.65571
43 20 3771681.56587
44 20 2987244.63375
45 20 2287190.29941
46 20 3630200.10843
47 20 2070684.54936
48 20 2054821.86306
49 20 3625621.43988
50 20 3972281.37589
51 20 2809571.39218
52 20 3526728.53053
53 20 2969463.85312
54 20 2685371.80347
55 20 3705918.99119
56 20 3916936.58693
57 20 2018461.86608
58 20 2279054.54632
59 20 3012096.1834
60 20 3417841.89212
61 20 3129103.22844
62 20 3203097.9017
63 20 2376915.5537
64 20 3748701.85682
65 20 3045460.41722
66 20 2157795.31283
67 20 2653530.59752
68 20 3136465.73041
69 20 3519223.54922
70 20 2180456.00591
71 20 2673984.76994
72 20 2616538.25477
73 20 2892404.91356
74 20 3134891.42263
75 20 2597391.73494
76 20 2688796.88281
77 20 2604313.28621
78 20 2521655.99505
79 20 3997949.34426
80 20 2828619.12022
81 20 2213060.62875
82 20 2227540.1413
83 20 2826161.9469
84 20 3172017.14803
85 20 2706524.69101
86 20 3828574.17493
87 20 3867209.72842
88 20 3999591.57437
89 20 2045347.01175
90 20 3723226.68178
91 20 3544324.86067
92 20 2818063.71026
93 20 3701036.93615
94 20 2704060.84448
95 20 3762112.22001
96 20 2901301.81466
97 20 3085242.35392
98 20 3641893.90145
99 20 2886337.06157
100 20 2402526.55173
101 20 3635265.87223
102 20 3228043.47964
103 20 2158338.61563
104 20 2805420.79232
105 20 2265694.31867
106 20 2136413.58354
107 20 3476436.34481
108 20 3504346.45681
109 20 2847095.60519
110 20 3184020.71482
111 20 3144697.38732
112 20 3729475.63902
113 20 3774939.56371
114 20 3438245.87842
115 20 2389497.76287
116 20 2935358.33107
117 20 2313732.66871
118 20 3676679.08252
119 20 2615490.26112
120 20 2103172.28349
121 20 2807715.07434
122 20 3869834.21965
123 20 2224458.05043
124 20 3389327.11619
125 20 3549793.77837
126 20 3757699.22746
127 20 2491237.44662
0 21 3832350.9641
1 21 2094882.53063
2 21 2769043.68895
3 21 2794873.4032
4 21 3578515.80337
5 21 2686646.91963
6 21 3862433.53638
7 21 3440522.50856
8 21 2769126.53498
9 21 3569670.99365
10 21 3098792.56444
11 21 3515495.55349
12 21 2186557.82649
13 21 2347672.55697
14 21 2090537.34122
15 21 2071405.16369
16 21 2421412.66068
17 21 3571173.76776
18 21 3081435.52667
19 21 2191062.96455
20 21 3352088.20357
21 21 2327362.39957
22 21 3339731.53641
23 21 2391817.04931
24 21 3573431.30517
25 21 3262962.90318
26 21 2395533.84936
27 21 3221112.63905
28 21 2259372.60528
29 21 3241207.17994
30 21 2065103.40451
31 21 3445326.53175
32 21 3836786.91897
33 21 3794286.07687
34 21 2959638.31069
35 21 3262151.95824
36 21 2302203.31244
37 21 2196157.6023
38 21 3771763.31365
39 21 3766121.59721
40 21 2556136.90742
41 21 3751712.25518
42 21 3205050.4448
43 21 2696626.39474
44 21 3211004.76598
45 21 3179666.80353
46 21 2910438.75728
47 21 3011845.58017
48 21 3299672.27425
49 21 3363609.03646
50 21 2158122.25836
51 21 3738360.36484
52 21 2655594.73131
53 21 3037697.13326
54 21 3084813.35677
55 21 3343530.74353
56 21 3116406.993
57 21 2847333.33903
58 21 3403822.58743
59 21 2422001.10183
60 21 2603610.93838
61 21 2717996.78231
62 21 3309738.59693
63 21 2717155.81145
64 21 3283550.64118
65 21 3182472.89405
66 21 2437709.13933
67 21 2391482.73342
68 21 3891572.67416
69 21 2611157.62687
70 21 2528409.94794
71 21 3482112.8879
72 21 2587162.48904
73 21 2718864.7855
74 21 2144122.6045
75 21 2573780.60403
76 21 2313115.89848
77 21 3065671.52035
78 21 2107096.43285
79 21 3850017.61095
80 21 3251417.13392
81 21 3613552.96397
82 21 3223424.99966
83 21 2131205.5199
84 21 3209451.86278
85 21 2025630.33477
86 21 2551518.83465
87 21 2898268.7555
88 21 2587557.31613
89 21 2598654.66258
90 21 3684454.32616
91 21 2371530.27477
92 21 3992626.51731
93 21 3173612.94556
94 21 2426770.10717
95 21 3612935.52719
96 21 2548262.75029
97 21 3090805.14091
98 21 3527202.59705
99 21 3349441.08113
100 21 2218604.564
101 21 3812297.53692
102 21 3435465.52861
103 21 3721997.82035
104 21 2045639.56377
105 21 3908748.07327
106 21 2736741.35
107 21 3406981.16184
108 21 3143825.25791
109 21 3889250.54003
110 21 2409588.74743
111 21 2771114.2645
112 21 2105898.70075
113 21 2503940.98014
114 21 2035150.80298
115 21 2903461.65468
116 21 3980602.45266
117 21 2624051.70799
118 21 2247764.10925
119 21 2762990.56497
120 21 3455192.71939
121 21 3151937.46414
122 21 2538728.62624
123 21 2914624.14007
124 21 2205049.08872
125 21 2888221.31626
126 21 2936231.55557
127 21 3585078.37531
0 22 3161175.24617
1 22 2762685.91733
2 22 2314420.94963
3 22 3610690.5915
4 22 2981104.6273
5 22 2760294.03761
6 22 3274214.90888
7 22 3739380.76773
8 22 2304713.07178
9 22 2642357.13584
10 22 3701232.01396
11 22 2167730.32542
12 22 3755744.16901
13 22 3557592.34821
14 22 2889415.24259
15 22 3387338.84234
16 22 2756715.82917
17 22 2144966.32663
18 22 3450232.27136
19 22 3879370.79622
20 22 2847028.53428
21 22 2867308.13798
22 22 3480578.46536
23 22 2533382.00524
24 22 2069151.05489
25 22 3525803.01023
26 22 2627334.08541
27 22 3521287.25167
28 22 3506943.24873
29 22 2814867.65122
30 22 2761892.43263
31 22 3346957.41431
32 22 2961059.76049
33 22 2492362.89536
34 22 2165770.39946
35 22 3720132.47267
36 22 3357852.03211
37 22 3600400.96376
38 22 3723679.5123
39 22 2930228.47243
40 22 3042198.41176
41 22 3977550.83923
42 22 2759504.48607
43 22 3663967.41246
44 22 3814050.91004
45 22 3209266.12763
46 22 3240700.2651
47 22 3904772.8568
48 22 2767639.2652
49 22 2608158.3325
50 22 2996241.64512
51 22 3785653.01988
52 22 3273323.02773
53 22 2282638.54294
54 22 2926780.68298
55 22 2892951.79243
56 22 3959673.34238
57 22 3120186.76142
58 22 3341267.24941
59 22 2868622.60983
60 22 3227289.45222
61 22 2946304.85616
62 22 3035262.66871
63 22 2816862.70944
64 22 3796036.39174
65 22 2138144.25695
66 22 3604647.56076
67 22 3376317.3318
68 22 2785569.81365
69 22 3038481.15824
70 22 3491200.13302
71 22 3807087.8432
72 22 2413684.81634
73 22 2779889.8589
74 22 3401773.82754
75 22 2631192.34538
76 22 3743774.5541
77 22 2943498.60302
78 22 3664888.01865
79 22 3818373.28271
80 22 3797186.29606
81 22 2537544.42243
82 22 2118355.9572
83 22 3784975.48707
84 22 2100813.35486
85 22 3880666.62108
86 22 2421928.80546
87 22 2664405.90917
88 22 2290043.71445
89 22 3747393.54254
90 22 3791305.5273
91 22 2843157.4433
92 22 3963148.04387
93 22 3166780.85959
94 22 3210490.09028
95 22 3610793.89036
96 22 3895420.04549
97 22 2309026.26782
98 22 3068882.39408
99 22 3080464.3116
100 22 3342519.05588
101 22 2871253.27987
102 22 2380999.4555
103 22 2028141.86544
104 22 2599381.65942
105 22 3543639.15666
106 22 3808549.11535
107 22 2301336.02902
108 22 3445854.88621
109 22 2359931.52002
110 22 3126036.21834
111 22 3361574.97152
112 22 2385811.22958
113 22 3443586.73887
114 22 2229192.30625
115 22 3050945.29255
116 22 3774608.61384
117 22 3876550.2336
118 22 3294619.19663
119 22 3687303.47349
120 22 2639821.09257
121 22 3182756.92106
122 22 2144275.89404
123 22 3280150.05111
124 22 3603871.66133
125 22 2143816.93349
126 22 3914735.39505
127 22 3039459.26851
0 23 2831134.58912
1 23 2436872.17658
2 23 2432897.13402
3 23 3015237.27482
4 23 3780771.90018
5 23 3583938.05846
6 23 3889997.43263
7 23 2612093.53096
8 23 3495237.28785
9 23 2428366.75114
10 23 2071367.18405
11 23 3531076.37522
12 23 3608841.83691
13 23 2771875.13306
14 23 2318750.2877
15 23 2051197.16571
16 23 2702358.9519
17 23 3159064.32876
18 23 2660473.93371
19 23 2667508.19285
20 23 3151332.45955
21 23 3655581.19868
22 23 2383776.51564
23 23 2772982.46423
24 23 3038437.65004
25 23 3201378.88334
26 23 3924515.21027
27 23 2094324.16883
28 23 2675852.42225
29 23 2867821.58819
30 23 2244511.18191
31 23 2356015.15179
32 23 2821720.61693
33 23 3802811.31149
34 23 3063568.53992
35 23 2171723.87055
36 23 2235870.82805
37 23 2035192.22999
38 23 2156833.36252
39 23 3148976.28495
40 23 2812057.66541
41 23 3410486.98084
42 23 2820714.50063
43 23 3654903.74064
44 23 3727424.25725
45 23 3710458.8307
46 23 2691418.65448
47 23 3005103.60079
48 23 2265119.23809
49 23 3313349.63011
50 23 2060890.18027
51 23 2491133.61295
52 23 3366001.07124
53 23 3367021.99666
54 23 2344233.04267
55 23 2345308.39249
56 23 3761518.4428
57 23 3457554.95626
58 23 3683976.35878
59 23 3491803.57203
60 23 3568670.87742
61 23 2839059.20257
62 23 3783962.75348
63 23 3954256.49238
64 23 2642724.97157
65 23 3437014.67798
66 23 2839186.86933
67 23 3248932.38774
68 23 2707285.46256
69 23 2626548.6715
70 23 3700333.03787
71 23 3399843.90377
72 23 2490719.50492
73 23 3529797.77005
74 23 3040712.5789
75 23 3309452.70639
76 23 2530949.11847
77 23 3385991.01248
78 23 3190293.09025
79 23 2870477.60259
80 23 3002006.53642
81 23 2601778.01775
82 23 3028565.66031
83 23 2401250.48756
84 23 2760371.99564
85 23 3097973.35458
86 23 2230020.22883
87 23 2792043.42935
88 23 2699412.48914
89 23 3534669.05486
90 23 2058083.47756
91 23 2830775.67039
92 23 2188359.47358
93 23 3163192.22771
94 23 2237955.19212
95 23 3043506.19662
96 23 2140905.56405
97 23 3492119.04952
98 23 3113654.45762
99 23 2552289.50827
100 23 3105882.16187
101 23 2739366.74008
102 23 3924406.93506
103 23 3183491.33646
104 23 3738957.27005
105 23 2220942.64465
106 23 2579995.74513
107 23 3955107.91652
108 23 3424710.63866
109 23 2557101.35435
110 23 3971992.32037
111 23 2636716.59677
112 23 3297592.84817
113 23 3725624.86514
114 23 2608080.30719
115 23 2214270.36671
116 23 3078836.09943
117 23 2573076.56189
118 23 2996762.99686
119 23 2705137.73974
120 23 2146997.88307
121 23 3185249.21294
122 23 3419818.01489
123 23 3781603.19662
124 23 2288808.98904
125 23 2923313.11102
126 23 2460504.72678
127 23 3639913.70522
0 24 3781223.76409
1 24 2803863.76552
2 24 3715192.27784
3 24 2165984.93906
4 24 3969386.1782
5 24 2499035.83641
6 24 3068889.62499
7 24 3262503.76853
8 24 2809276.77126
9 24 3799198.02954
10 24 2712497.08146
11 24 3637817.92072
12 24 3837228.40234
13 24 3717808.29496
14 24 2488905.32202
15 24 3075128.60826
16 24 3108174.36688
17 24 3418459.24212
18 24 2438967.29707
19 24 2583906.06365
20 24 2895520.3842
21 24 2620667.64239
22 24 3014916.38493
23 24 3226571.34218
24 24 2865548.08397
25 24 3277329.16476
26 24 3218986.52798
27 24 2916088.13714
28 24 3924166.04262
29 24 2373551.44682
30 24 3752231.07864
31 24 3949047.0737
32 24 2247347.79683
33 24 3517928.44403
34 24 3619249.93013
35 24 3117427.17826
36 24 2770172.50909
37 24 3545630.54131
38 24 3709244.64008
39 24 2006848.39804
40 24 3167822.70554
41 24 2050435.66381
42 24 2637130.73598
43 24 3250149.56614
44 24 2675046.42942
45 24 2565839.56228
46 24 3764097.75823
47 24 3400134.7005
48 24 2568874.77918
49 24 3773229.41952
50 24 2250459.93036
51 24 2646117.20176
52 24 3604110.06357
53 24 2873096.5481
54 24 3533443.63605
55 24 3178925.11029
56 24 2582627.02427
57 24 3992210.94778
58 24 2221416.81168
59 24 2170339.23999
60 24 2837831.31747
61 24 3811172.73449
62 24 2113306.76705
63 24 2817908.65321
64 24 3782072.19342
65 24 2512279.90924
66 24 3371162.00446
67 24 3157825.18111
68 24 3636620.61397
69 24 2049403.84507
70 24 2505023.835
71 24 3248317.64584
72 24 3628888.38078
73 24 3121058.639
74 24 2865994.01274
75 24 2973401.66432
76 24 2917140.58797
77 24 2391705.72971
78 24 2364402.79761
79 24 3409080.59511
80 24 2953275.8439
81 24 3471325.78992
82 24 3640340.40943
83 24 2067479.21731
84 24 3430759.73539
85 24 2744264.88159
86 24 2973893.83989
87 24 3008414.52431
88 24 3324489.06399
89 24 3415870.65589
90 24 2367467.17352
91 24 2323480.66854
92 24 2111025.6626
93 24 3290433.00592
94 24 2942641.0411
95 24 3886061.43631
96 24 2611948.31045
97 24 3585258.2089
98 24 2248017.68299
99 24 2744018.15222
100 24 2912593.12122
101 24 3529724.73709
102 24 3427103.87918
103 24 3938666.69012
104 24 2058372.53718
105 24 2902304.91988
106 24 3332925.17763
107 24 3370393.33424
108 24 3512574.14046
109 24 3702705.1995
110 24 2772135.22668
111 24 2695936.84106
112 24 3519910.35923
113 24 2679021.32185
114 24 3070852.472
115 24 2397289.85811
116 24 3113678.03445
117 24 3993868.25918
118 24 2455359.89273
119 24 2751844.8552
120 24 3135578.70047
121 24 3345473.72243
122 24 2169612.01056
123 24 3883975.26747
124 24 3003067.96587
125 24 2757317.16797
126 24 2178190.34749
127 24 2819479.20439
0 25 2067476.73822
1 25 3241404.81858
2 25 3168592.42189
3 25 2105277.751
4 25 3921763.52362
5 25 3758927.39368
6 25 3926002.46037
7 25 3858853.65723
8 25 3743113.36631
9 25 3063197.42024
10 25 2160513.94749
11 25 3935374.40239
12 25 2490803.22926
13 25 2912477.89615
14 25 2996826.23631
15 25 2047031.57547
16 25 2287944.95581
17 25 3617694.36969
18 25 3080151.78391
19 25 3241099.94219
20 25 3625438.11395
21 25 3731518.17515
22 25 3294477.78286
23 25 3472180.84948
24 25 3454964.44449
25 25 3456019.37125
26 25 3088430.46354
27 25 2622491.21453
28 25 3599504.32207
29 25 3181721.04505
30 25 2113622.83574
31 25 2746211.71866
32 25 3675319.57268
33 25 3061561.72515
34 25 3827697.25151
35 25 2216389.7248
36 25 2030780.94231
37 25 3596665.87006
38 25 2154190.65641
39 25 3430327.98414
40 25 2203942.71067
41 25 3525841.21168
42 25 3951313.85031
43 25 2667896.67781
44 25 3768125.16658
45 25 2342374.191
46 25 3373801.2436
47 25 3853811.21976
48 25 3436536.14363
49 25 2156187.03619
50 25 3684455.58293
51 25 2571624.14855
52 25 2371521.25852
53 25 3097235.77801
54 25 3351092.92215
55 25 3243571.66747
56 25 2282245.56472
57 25 3032932.11578
58 25 2115231.73113
59 25 3177685.30193
60 25 3713192.65699
61 25 3792528.08347
62 25 2500174.93612
63 25 3017057.23091
64 25 3163983.58638
65 25 3589693.1152
66 25 3669603.90551
67 25 3516097.68308
68 25 3360634.09699
69 25 3298772.08772
70 25 2255947.86579
71 25 2353976.67504
72 25 3480655.79541
73 25 3711025.77206
74 25 3868687.81057
75 25 3243849.01435
76 25 2711573.35531
77 25 3854395.10398
78 25 2306946.8762
79 25 3875527.14724
80 25 3026516.56297
81 25 3337896.40021
82 25 2029395.56826
83 25 3871638.0161
84 25 2673880.05004
85 25 2842216.66401
86 25 3606650.77958
87 25 3508855.28443
88 25 3189753.3601
89 25 3940363.52675
90 25 2508947.39065
91 25 2489471.758
92 25 2006555.30564
93 25 2426525.92712
94 25 3015322.36745
95 25 3261904.20686
96 25 2809202.99879
97 25 2172795.63475
98 25 2917116.93863
99 25 2794208.37736
100 25 3985635.45834
101 25 3843913.23309
102 25 3318556.34352
103 25 3456350.28933
104 25 2232525.49197
105 25 3052111.66173
106 25 2947014.80367
107 25 2948332.89826
108 25 2892680.19516
109 25 2002504.46257
110 25 3218989.18356
111 25 3661643.78913
112 25 2165422.34329
113 25 2069025.84544
114 25 3785595.15043
115 25 2920531.42633
116 25 2761783.90051
117 25 3373103.34562
118 25 2526314.33067
119 25 3695603.42421
120 25 3586886.30514
121 25 3283483.60645
122 25 3996746.86859
123 25 3779668.22812
124 25 3452298.62007
125 25 3963895.40403
126 25 3733800.7359
127 25 3005998.79459
0 26 3172417.05122
1 26 2786973.86504
2 26 2190858.58807
3 26 3303309.37811
4 26 2024805.92901
5 26 2974780.62798
6 26 2818824.66566
7 26 3560352.53102
8 26 3884350.08873
9 26 2902966.77987
10 26 2589345.72834
11 26 3926434.68807
12 26 2417170.91803
13 26 3569892.38397
14 26 2834599.2045
15 26 2850432.9428
16 26 3908317.7743
17 26 3236856.48985
18 26 3406984.71529
19 26 2615137.24064
20 26 2284340.15128
21 26 3932819.11496
22 26 3527039.47659
23 26 2250797.96113
24 26 3731094.28178
25 26 2842960.38941
26 26 3665768.78966
27 26 3783524.95053
28 26 2111070.1907
29 26 3505811.58872
30 26 3909262.90684
31 26 2561429.4763
32 26 3928749.34738
33 26 3402946.46562
34 26 2778441.23404
35 26 3970899.97885
36 26 3266415.19815
37 26 2167878.1274
38 26 2591165.43225
39 26 3422825.47532
40 26 2431120.81785
41 26 2015545.73274
42 26 3681073.18129
43 26 3046531.19897
44 26 2804743.02365
45 26 2531468.81263
46 26 2420889.264
47 26 3002274.83075
48 26 2166525.98419
49 26 2906967.59844
50 26 2020770.58139
51 26 3257661.14768
52 26 3565757.80431
53 26 2446738.98884
54 26 3862175.9028
55 26 2599764.60155
56 26 2004786.40035
57 26 3476342.84464
58 26 2749423.44826
59 26 3568802.33191
60 26 3565716.77326
61 26 3659819.3411
62 26 3554740.29851
63 26 3727138.05957
64 26 3868885.78834
65 26 3351343.87651
66 26 2823963.42786
67 26 2363066.90569
68 26 2412453.58164
69 26 2502747.05186
70 26 2292545.87771
71 26 2218998.97446
72 26 2441615.99985
73 26 3239592.61681
74 26 3630856.08523
75 26 3232341.30242
76 26 2363779.87281
77 26 2856864.89763
78 26 3392896.71523
79 26 3897843.11261
80 26 3521851.96493
81 26 2706543.67036
82 26 2872659.9218
83 26 3966056.50484
84 26 2018557.10743
85 26 3920099.77077
86 26 2148972.47267
87 26 3444628.42086
88 26 3556073.29957
89 26 3410603.81684
90 26 3263824.45996
91 26 2260948.75083
92 26 3028448.23469
93 26 3312969.58855
94 26 2051685.93295
95 26 3776635.75657
96 26 2937340.03765
97 26 2813980.29839
98 26 2858961.72776
99 26 3343203.86983
100 26 2952312.47014
101 26 2714152.36837
102 26 2349815.70422
103 26 2892523.15762
104 26 3682053.30031
105 26 2451220.88526
106 26 3272082.53555
107 26 2471615.14515
108 26 2199852.51586
109 26 2944165.56351
110 26 3828203.92848
111 26 2340927.82036
112 26 2762969.75276
113 26 3607012.31386
114 26 3106823.00268
115 26 3053614.24902
116 26 2519289.89693
117 26 3742827.89725
118 26 3072530.7731
119 26 3359418.91737
120 26 2709883.86974
121 26 2121149.58549
122 26 2655529.48909
123 26 2944429.73212
124 26 3510172.87053
125 26 2654691.78766
126 26 2913490.43847
127 26 2572911.72632
0 27 3876178.83675
1 27 2919943.02952
2 27 3621411.99464
3 27 2002272.91641
4 27 3713607.28334
5 27 3236682.09904
6 27 3805780.16928
7 27 2784544.77535
8 27 3502532.41015
9 27 2161852.93339
10 27 3999340.14482
11 27 3539052.65423
12 27 3271569.01931
13 27 2853487.78152
14 27 3601201.98385
15 27 3968995.65471
16 27 2328597.39556
17 27 3723637.61744
18 27 3296520.17013
19 27 2765704.37773
20 27 2848094.60779
21 27 3142513.13408
22 27 3219623.04891
23 27 2219915.90291
24 27 3215707.3625
25 27 2793605.27138
26 27 2391853.84506
27 27 2150759.43422
28 27 3749347.70002
29 27 3673140.13164
30 27 3192542.20351
31 27 3905523.45709
32 27 3077779.26235
33 27 2565783.42988
34 27 2678159.05634
35 27 2527880.18475
36 27 2621825.22913
37 27 3431672.03607
38 27 3159947.5224
39 27 2427304.93444
40 27 2436351.75825
41 27 3353869.75505
42 27 2126712.69229
43 27 2421734.19263
44 27 2404840.00895
45 27 2824666.75063
46 27 3470494.64319
47 27 3709284.10285
48 27 2882542.04031
49 27 3638381.00353
50 27 3498163.67486
51 27 3435017.25302
52 27 3399501.72224
53 27 2339719.91143
54 27 2707837.6698
55 27 3199355.51341
56 27 3077807.658
57 27 3371156.59045
58 27 2603973.28819
59 27 2632215.70107
60 27 2647421.91747
61 27 3833567.90265
62 27 2642453.55255
63 27 3694916.38577
64 27 3022797.12607
65 27 2123131.50495
66 27 3388262.88682
67 27 3162293.03137
68 27 2247239.11836
69 27 2698552.32485
70 27 2840799.47409
71 27 3832403.91035
72 27 3973090.87223
73 27 3725387.29359
74 27 3508503.48362
75 27 2708956.31589
76 27 2569030.48539
77 27 2089177.12547
78 27 2118801.38482
79 27 2272409.37359
80 27 2016674.05939
81 27 3277813.89391
82 27 3831438.64393
83 27 2954111.84337
84 27 3315142.07847
85 27 3271225.85323
86 27 2379295.9387
87 27 3767017.56042
88 27 2361966.63104
89 27 2234644.08929
90 27 2249728.97646
91 27 2549045.0693
92 27 2543709.21337
93 27 3710433.35107
94 27 2615218.81361
95 27 2711415.00549
96 27 3404853.8574
97 27 3931156.67676
98 27 2977851.18898
99 27 2645078.84496
100 27 2718348.99777
101 27 2687546.47996
102 27 3331278.77041
103 27 2901579.96359
104 27 2033826.5923
105 27 3319196.38811
106 27 2926458.42643
107 27 3903279.62459
108 27 2324437.54115
109 27 3458346.55575
110 27 2361257.28129
111 27 3668449.0348
112 27 2431473.65619
113 27 2933878.41188
114 27 3819940.13547
115 27 2383481.43698
116 27 2297949.25329
117 27 3873045.6717
118 27 3730751.11016
119 27 2212655.95332
120 27 3868869.25079
121 27 2883881.9853
122 27 2068972.83458
123 27 2796275.01187
124 27 3633458.61248
125 27 2639891.2382
126 27 2413043.67532
127 27 3685204.9498
0 28 2538157.96141
1 28 3639203.56654
2 28 3441416.94598
3 28 3688140.7185
4 28 2212661.764
5 28 2712369.42278
6 28 2242317.92275
7 28 3588861.87134
8 28 3392341.0448
9 28 2085714.72384
10 28 3614314.15865
11 28 3477749.59297
12 28 3327442.33468
13 28 2729458.00301
14 28 2975890.17823
15 28 2975999.31704
16 28 2776049.34503
17 28 3028373.71622
18 28 3656492.91112
19 28 3702603.45291
20 28 3878961.77379
21 28 3416323.08128
22 28 3224177.01404
23 28 2029450.6668
24 28 3828060.4067
25 28 2505003.68565
26 28 2533900.41483
27 28 3177146.65132
28 28 2310326.26159
29 28 2260448.45875
30 28 3115790.92154
31 28 3156371.57144
32 28 2902288.47723
33 28 3569913.0206
34 28 3962749.58327
35 28 3444300.16539
36 28 3433149.56485
37 28 3593401.4578
38 28 2363641.51261
39 28 2129247.6847
40 28 3883733.27463
41 28 2927352.81723
42 28 2631291.28049
43 28 2384856.24352
44 28 2899816.20395
45 28 2970764.04766
46 28 2851364.03709
47 28 2686073.22503
48 28 2125235.85027
49 28 3659025.8766
50 28 3937112.58469
51 28 3712170.44125
52 28 3510191.23244
53 28 2034470.0243
54 28 2011316.32413
55 28 3617049.21618
56 28 3084082.67499
57 28 2944944.33796
58 28 3678391.98051
59 28 3739780.24526
60 28 2854529.96544
61 28 2862874.57321
62 28 3700882.2782
63 28 3907446.58056
64 28 3981567.70277
65 28 2656484.91818
66 28 3749905.06501
67 28 2925375.55753
68 28 3923919.24175
69 28 2605261.34403
70 28 2514806.18722
71 28 3797463.41496
72 28 3375349.71622
73 28 3224050.66271
74 28 3475336.85832
75 28 2234234.48984
76 28 2660768.21361
77 28 3260505.75697
78 28 3778546.12697
79 28 3441215.733
80 28 2857858.26745
81 28 2640256.2967
82 28 2514904.89383
83 28 2852567.90221
84 28 2287318.54075
85 28 3343046.85023
86 28 3158089.74243
87 28 3240836.86422
88 28 3755954.03598
89 28 3139464.5995
90 28 3143132.20154
91 28 2538658.39812
92 28 2775662.12329
93 28 2416121.95887
94 28 3035937.83863
95 28 2831693.97251
96 28 2474050.38961
97 28 3763068.18833
98 28 2337271.18547
99 28 3148164.51788
100 28 2249472.36852
101 28 2006153.76822
102 28 3561742.84912
103 28 3268427.37528
104 28 2412695.00538
105 28 3609738.39661
106 28 2583291.17514
107 28 2953420.46204
108 28 3014902.61357
109 28 3189811.7061
110 28 2267836.7755
111 28 2369738.2957
112 28 2874737.3639
113 28 3973770.62288
114 28 2263960.29441
115 28 2268232.35377
116 28 3665640.6416
117 28 2916718.9601
118 28 3496464.02936
119 28 2642665.99763
120 28 3840820.6406
121 28 2256859.32915
122 28 3086917.72678
123 28 2445627.9725
124 28 3040500.229
125 28 2159204.6825
126 28 2308524.50716
127 28 3952371.33898
0 29 2747499.59989
1 29 3115366.64403
2 29 3909246.63094
3 29 3574424.75138
4 29 2477656.59134
5 29 2750064.13664
6 29 3816027.46676
7 29 3936212.79173
8 29 3526602.21773
9 29 2234827.89013
10 29 2877483.51086
11 29 2360356.32361
12 29 3402629.85104
13 29 3303885.29925
14 29 2397345.80726
15 29 2940502.28485
16 29 2834888.68857
17 29 2384790.44448
18 29 3060453.57797
19 29 2434277.19856
20 29 3049121.63297
21 29 3191313.75202
22 29 3753351.88636
23 29 2192012.33011
24 29 3674864.99226
25 29 3382844.21064
26 29 3532954.51534
27 29 2065681.20185
28 29 2595973.29203
29 29 3140233.02481
30 29 3885397.22206
31 29 3532595.78796
32 29 2884482.42707
33 29 2263617.14447
34 29 3533189.10283
35 29 3239636.89139
36 29 3592747.76579
37 29 3530733.05661
38 29 2825471.6792
39 29 3867960.86959
40 29 3789296.4472
41 29 3643985.49818
42 29 2380472.38486
43 29 2072805.5959
44 29 3075680.03795
45 29 3211394.61873
46 29 3811882.73684
47 29 3115780.24926
48 29 3024795.33325
49 29 2700670.39868
50 29 2003462.71463
51 29 3517896.46173
52 29 2870212.87545
53 29 3575755.25808
54 29 2070122.9726
55 29 2424231.5617
56 29 3606408.52436
57 29 3095029.80993
58 29 2344439.73607
59 29 2370392.82918
60 29 2172754.38001
61 29 3771088.41861
62 29 2022110.33197
63 29 2010356.13935
64 29 3617228.76901
65 29 2647054.64887
66 29 3108590.83967
67 29 2596474.78652
68 29 3301809.98083
69 29 3827169.4585
70 29 2227673.22098
71 29 3751571.04765
72 29 2741926.24339
73 29 3880394.88771
74 29 2988355.50628
75 29 2835248.08246
76 29 2429726.24204
77 29 3309482.64535
78 29 3007615.76859
79 29 2763980.85019
80 29 3330214.54263
81 29 3003155.31112
82 29 2736669.42299
83 29 2081024.53904
84 29 2512005.08009
85 29 2417209.34355
86 29 3151908.57343
87 29 2890544.11616
88 29 2074234.53995
89 29 2110210.15246
90 29 2180154.61579
91 29 3876044.59644
92 29 2892539.19832
93 29 2858772.66159
94 29 3446493.76919
95 29 3276134.21344
96 29 2746036.26057
97 29 2445497.63512
98 29 2465849.77949
99 29 3307349.55444
100 29 2293611.83922
101 29 2995524.23844
102 29 3157631.18004
103 29 3441788.70727
104 29 3416147.93086
105 29 3143444.0931
106 29 3141975.7104
107 29 3064501.04831
108 29 3961306.83699
109 29 3047870.92462
110 29 3774919.92802
111 29 2513091.70211
112 29 3406185.84338
113 29 3184534.85819
114 29 2588739.09919
115 29 3217663.12156
116 29 3106080.46423
117 29 2083851.19442
118 29 3663661.93005
119 29 2017686.44852
120 29 2052626.34911
121 29 2598218.30092
122 29 2816673.78513
123 29 3800893.49204
124 29 3750489.0387
125 29 2131825.96131
126 29 3185915.60434
127 29 2707221.48252
0 30 2743219.41167
1 30 3889889.06245
2 30 2780161.00471
3 30 2285482.28328
4 30 2911094.12136
5 30 3211030.21984
6 30 2627846.19759
7 30 3250198.42081
8 30 2692434.54416
9 30 2728711.99365
10 30 2322004.62236
11 30 3900628.97697
12 30 2675724.29507
13 30 3562772.55833
14 30 2527556.73386
15 30 2173836.51419
16 30 2110911.65896
17 30 2009698.04669
18 30 2468313.26443
19 30 2796707.495
20 30 2160865.13902
21 30 3899583.96705
22 30 2530853.8026
23 30 2634956.06144
24 30 3657819.23828
25 30 3530057.74632
26 30 3928517.58446
27 30 2666864.04342
28 30 3183587.70811
29 30 3792225.01867
30 30 3882288.73162
31 30 3751018.02815
32 30 3106978.93195
33 30 2098425.88191
34 30 3358259.93987
35 30 3823491.33919
36 30 3897498.13449
37 30 2470057.12278
38 30 2899042.82406
39 30 3632385.98591
40 30 3378280.79761
41 30 2923663.44153
42 30 2073022.29376
43 30 2065722.53401
44 30 2211534.91
45 30 3489781.41522
46 30 3203869.4472
47 30 2358217.34273
48 30 3096977.47086
49 30 3456771.8331
50 30 3764456.12939
51 30 3935816.04416
52 30 2416822.73818
53 30 3092940.80096
54 30 3152799.88532
55 30 3427037.21467
56 30 2399714.01716
57 30 2003041.60381
58 30 3223875.02373
59 30 3864842.26401
60 30 2548234.72147
61 30 3405070.85746
62 30 3282950.29247
63 30 3313198.11194
64 30 3479204.71511
65 30 3371915.60563
66 30 3960132.80739
67 30 2455711.28027
68 30 3100911.53211
69 30 3943533.837
70 30 3176497.66221
71 30 3867258.18946
72 30 2175707.53391
73 30 2888582.49329
74 30 2247017.33602
75 30 3786050.57975
76 30 3232434.78606
77 30 3785160.00576
78 30 2514886.88623
79 30 3187957.04505
80 30 2945183.78357
81 30 3398357.1496
82 30 2449975.39248
83 30 2122100.84993
84 30 2674825.19143
85 30 2180528.04192
86 30 2279982.50142
87 30 3920272.70882
88 30 3727415.89556
89 30 2366400.872
90 30 3113686.0052
91 30 2758336.74445
92 30 3404310.49733
93 30 3687344.24774
94 30 3593703.52335
95 30 2094688.24407
96 30 2474094.90721
97 30 2532435.28667
98 30 2483644.57754
99 30 3723763.78881
100 30 3725970.72016
101 30 3840529.29333
102 30 3266836.1086
103 30 2354918.0044
104 30 2975525.05662
105 30 2839940.17366
106 30 2736667.07545
107 30 2715206.20466
108 30 3528339.66974
109 30 3283146.78514
110 30 3739573.93503
111 30 3100276.67474
112 30 2880622.62716
113 30 2522556.64569
114 30 3764797.82596
115 30 2811696.75228
116 30 2476947.91363
117 30 2136761.28889
118 30 3848792.47705
119 30 3482623.50431
120 30 3925662.9533
121 30 2899924.88013
122 30 2187046.52794
123 30 3636597.59321
124 30 3231180.87661
125 30 3722694.17461
126 30 2707465.3412
127 30 2450278.81401
0 31 2459762.42774
1 31 2940231.13354
2 31 3261053.88102
3 31 3003617.29626
4 31 3065677.48917
5 31 2292027.70348
6 31 3525075.19858
7 31 2144844.94071
8 31 3891231.69928
9 31 2796153.55577
10 31 2792370.51054
11 31 3593510.01139
12 31 3512053.87953
13 31 3288901.83396
14 31 2162801.53679
15 31 3231731.22429
16 31 2770767.6412
17 31 2099056.80922
18 31 3402032.14198
19 31 3676431.02993
20 31 3924055.6473
21 31 2290459.77097
22 31 2803296.42579
23 31 3907883.43729
24 31 3354022.23887
25 31 2006463.59956
26 31 3834582.74061
27 31 2701545.69983
28 31 2952294.89688
29 31 3240120.5504
30 31 2021090.77159
31 31 2623161.4567
32 31 3353362.2413
33 31 3860372.61611
34 31 3079290.79498
35 31 3276698.7237
36 31 2270924.81753
37 31 2911812.64778
38 31 2144238.0851
39 31 3987415.40089
40 31 3688439.93847
41 31 3851015.28797
42 31 3097499.6619
43 31 2397311.13793
44 31 3923222.06074
45 31 2506701.76689
46 31 3466716.89747
47 31 3319376.97968
48 31 2824534.01494
49 31 2286870.36783
50 31 3551660.43141
51 31 2246815.18061
52 31 3329483.55199
53 31 3706904.23532
54 31 3045520.97461
55 31 2950894.9
56 31 2584423.64041
57 31 3305594.30769
58 31 3248129.81064
59 31 2821586.61179
60 31 3077897.10258
61 31 2476015.5476
62 31 2078670.07094
63 31 3439755.30983
64 31 2056770.90405
65 31 2196109.50782
66 31 2660307.98302
67 31 3714896.0114
68 31 3076412.97144
69 31 2933886.46611
70 31 3376694.00091
71 31 3741550.32463
72 31 3059658.93709
73 31 2923418.42132
74 31 2460348.68366
75 31 2603607.99939
76 31 2972583.98666
77 31 2786181.41919
78 31 2638809.34429
79 31 3360715.79637
80 31 3500350.25468
81 31 2536444.59655
82 31 2125039.80289
83 31 2687177.07885
84 31 2523530.60491
85 31 2216622.47271
86 31 2632896.93393
87 31 2471930.77677
88 31 3786608.62195
89 31 2898204.04348
90 31 3461410.14234
91 31 3297631.38599
92 31 2076114.04641
93 31 2786197.86946
94 31 3047097.05563
95 31 3177379.25266
96 31 3842480.03621
97 31 3891081.7455
98 31 2700215.27876
99 31 2278117.77459
100 31 3654526.87681
101 31 2237909.37823
102 31 3185945.77599
103 31 2630000.42808
104 31 3637397.18547
105 31 2372711.14359
106 31 3474372.7552
107 31 3952554.55914
108 31 3542380.39539
109 31 2719425.64144
110 31 3171649.51504
111 31 2691083.84104
112 31 3895283.09616
113 31 2723709.20583
114 31 3279485.59918
115 31 3647965.94014
116 31 2270671.1042
117 31 2339986.52692
118 31 2691421.45938
119 31 2370000.58683
120 31 2828090.04984
121 31 3132693.30156
122 31 3792770.04502
123 31 2374162.79196
124 31 3987988.86536
125 31 3822722.39349
126 31 3845766.66998
127 31 3711993.89546
