0 0 0.7724
1 0 0.7235
2 0 0.7561
3 0 0.7183
4 0 0.7755
5 0 0.7511
6 0 0.7766
7 0 0.7561
8 0 0.7467
9 0 0.7961
10 0 0.7053
11 0 0.7610
12 0 0.7152
13 0 0.7778
14 0 0.7910
15 0 0.7899
16 0 0.7019
17 0 0.7579
18 0 0.7917
19 0 0.7288
20 0 0.7601
21 0 0.7086
22 0 0.7628
23 0 0.7664
24 0 0.7322
25 0 0.7459
26 0 0.7831
27 0 0.7968
28 0 0.7721
29 0 0.7342
30 0 0.7060
31 0 0.7327
32 0 0.7885
33 0 0.7706
34 0 0.7468
35 0 0.7665
36 0 0.7185
37 0 0.7443
38 0 0.7100
39 0 0.7853
40 0 0.7326
41 0 0.7000
42 0 0.7557
43 0 0.7643
44 0 0.7678
45 0 0.7808
46 0 0.7472
47 0 0.7530
48 0 0.7656
49 0 0.7579
50 0 0.7882
51 0 0.7531
52 0 0.7043
53 0 0.7993
54 0 0.7889
55 0 0.7596
56 0 0.7803
57 0 0.7673
58 0 0.7724
59 0 0.7075
60 0 0.7745
61 0 0.7853
62 0 0.7709
63 0 0.7990
64 0 0.7207
65 0 0.7899
66 0 0.7787
67 0 0.7174
68 0 0.7823
69 0 0.7656
70 0 0.7797
71 0 0.7545
72 0 0.7821
73 0 0.7877
74 0 0.7403
75 0 0.7808
76 0 0.7318
77 0 0.7466
78 0 0.7389
79 0 0.7493
80 0 0.7567
81 0 0.7758
82 0 0.7272
83 0 0.7805
84 0 0.7948
85 0 0.7695
86 0 0.7836
87 0 0.7731
88 0 0.7882
89 0 0.7104
90 0 0.7306
91 0 0.7154
92 0 0.7649
93 0 0.7076
94 0 0.7427
95 0 0.7068
96 0 0.7337
97 0 0.7366
98 0 0.7564
99 0 0.7787
100 0 0.7939
101 0 0.7923
102 0 0.7276
103 0 0.7588
104 0 0.7425
105 0 0.7536
106 0 0.7114
107 0 0.7525
108 0 0.7193
109 0 0.7087
110 0 0.7703
111 0 0.7458
112 0 0.7676
113 0 0.7725
114 0 0.7655
115 0 0.7884
116 0 0.7767
117 0 0.7830
118 0 0.7169
119 0 0.7239
120 0 0.7722
121 0 0.7639
122 0 0.7127
123 0 0.7778
124 0 0.7389
125 0 0.7864
126 0 0.7761
127 0 0.7994
0 1 0.7012
1 1 0.7769
2 1 0.7563
3 1 0.7929
4 1 0.7810
5 1 0.7860
6 1 0.7499
7 1 0.7569
8 1 0.7183
9 1 0.7189
10 1 0.7972
11 1 0.7853
12 1 0.7958
13 1 0.7244
14 1 0.7797
15 1 0.7150
16 1 0.7995
17 1 0.7373
18 1 0.7244
19 1 0.7828
20 1 0.7287
21 1 0.7301
22 1 0.7647
23 1 0.7892
24 1 0.7488
25 1 0.7798
26 1 0.7885
27 1 0.7876
28 1 0.7211
29 1 0.7829
30 1 0.7214
31 1 0.7119
32 1 0.7309
33 1 0.7590
34 1 0.7988
35 1 0.7078
36 1 0.7594
37 1 0.7069
38 1 0.7051
39 1 0.7188
40 1 0.7700
41 1 0.7903
42 1 0.7437
43 1 0.7402
44 1 0.7290
45 1 0.7392
46 1 0.7864
47 1 0.7280
48 1 0.7558
49 1 0.7940
50 1 0.7458
51 1 0.7056
52 1 0.7570
53 1 0.7613
54 1 0.7060
55 1 0.7060
56 1 0.7999
57 1 0.7441
58 1 0.7264
59 1 0.7310
60 1 0.7451
61 1 0.7282
62 1 0.7053
63 1 0.7620
64 1 0.7214
65 1 0.7784
66 1 0.7269
67 1 0.7018
68 1 0.7367
69 1 0.7934
70 1 0.7652
71 1 0.7543
72 1 0.7037
73 1 0.7867
74 1 0.7924
75 1 0.7517
76 1 0.7988
77 1 0.7877
78 1 0.7858
79 1 0.7568
80 1 0.7993
81 1 0.7866
82 1 0.7783
83 1 0.7512
84 1 0.7358
85 1 0.7332
86 1 0.7985
87 1 0.7157
88 1 0.7761
89 1 0.7617
90 1 0.7763
91 1 0.7752
92 1 0.7374
93 1 0.7209
94 1 0.7504
95 1 0.7313
96 1 0.7863
97 1 0.7970
98 1 0.7501
99 1 0.7261
100 1 0.7715
101 1 0.7154
102 1 0.7420
103 1 0.7577
104 1 0.7760
105 1 0.7326
106 1 0.7967
107 1 0.7245
108 1 0.7827
109 1 0.7039
110 1 0.7077
111 1 0.7430
112 1 0.7493
113 1 0.7662
114 1 0.7694
115 1 0.7169
116 1 0.7630
117 1 0.7388
118 1 0.7373
119 1 0.7030
120 1 0.7734
121 1 0.7317
122 1 0.7916
123 1 0.7098
124 1 0.7061
125 1 0.7029
126 1 0.7007
127 1 0.7894
0 2 0.7924
1 2 0.7888
2 2 0.7906
3 2 0.7956
4 2 0.7028
5 2 0.7280
6 2 0.7418
7 2 0.7139
8 2 0.7465
9 2 0.7828
10 2 0.7716
11 2 0.7333
12 2 0.7098
13 2 0.7566
14 2 0.7794
15 2 0.7073
16 2 0.7029
17 2 0.7808
18 2 0.7721
19 2 0.7486
20 2 0.7953
21 2 0.7594
22 2 0.7439
23 2 0.7626
24 2 0.7701
25 2 0.7149
26 2 0.7206
27 2 0.7399
28 2 0.7033
29 2 0.7522
30 2 0.7425
31 2 0.7987
32 2 0.7315
33 2 0.7632
34 2 0.7830
35 2 0.7285
36 2 0.7581
37 2 0.7548
38 2 0.7255
39 2 0.7783
40 2 0.7689
41 2 0.7700
42 2 0.7450
43 2 0.7758
44 2 0.7060
45 2 0.7646
46 2 0.7416
47 2 0.7620
48 2 0.7966
49 2 0.7860
50 2 0.7749
51 2 0.7801
52 2 0.7407
53 2 0.7090
54 2 0.7639
55 2 0.7983
56 2 0.7775
57 2 0.7312
58 2 0.7902
59 2 0.7570
60 2 0.7477
61 2 0.7405
62 2 0.7365
63 2 0.7859
64 2 0.7179
65 2 0.7138
66 2 0.7405
67 2 0.7878
68 2 0.7156
69 2 0.7199
70 2 0.7266
71 2 0.7775
72 2 0.7011
73 2 0.7757
74 2 0.7953
75 2 0.7194
76 2 0.7243
77 2 0.7240
78 2 0.7246
79 2 0.7406
80 2 0.7103
81 2 0.7970
82 2 0.7811
83 2 0.7489
84 2 0.7575
85 2 0.7469
86 2 0.7421
87 2 0.7655
88 2 0.7843
89 2 0.7653
90 2 0.7240
91 2 0.7896
92 2 0.7173
93 2 0.7562
94 2 0.7823
95 2 0.7063
96 2 0.7084
97 2 0.7424
98 2 0.7047
99 2 0.7301
100 2 0.7174
101 2 0.7345
102 2 0.7989
103 2 0.7135
104 2 0.7887
105 2 0.7148
106 2 0.7398
107 2 0.7171
108 2 0.7608
109 2 0.7340
110 2 0.7071
111 2 0.7452
112 2 0.7277
113 2 0.7434
114 2 0.7198
115 2 0.7515
116 2 0.7567
117 2 0.7257
118 2 0.7418
119 2 0.7197
120 2 0.7299
121 2 0.7348
122 2 0.7735
123 2 0.7732
124 2 0.7611
125 2 0.7387
126 2 0.7136
127 2 0.7823
0 3 0.7470
1 3 0.7022
2 3 0.7972
3 3 0.7840
4 3 0.7163
5 3 0.7876
6 3 0.7110
7 3 0.7224
8 3 0.7506
9 3 0.7820
10 3 0.7732
11 3 0.7857
12 3 0.7216
13 3 0.7767
14 3 0.7750
15 3 0.7406
16 3 0.7990
17 3 0.7106
18 3 0.7190
19 3 0.7824
20 3 0.7457
21 3 0.7600
22 3 0.7803
23 3 0.7912
24 3 0.7364
25 3 0.7131
26 3 0.7678
27 3 0.7078
28 3 0.7404
29 3 0.7763
30 3 0.7326
31 3 0.7214
32 3 0.7683
33 3 0.7954
34 3 0.7808
35 3 0.7566
36 3 0.7165
37 3 0.7445
38 3 0.7222
39 3 0.7630
40 3 0.7837
41 3 0.7887
42 3 0.7304
43 3 0.7557
44 3 0.7521
45 3 0.7719
46 3 0.7739
47 3 0.7048
48 3 0.7221
49 3 0.7273
50 3 0.7018
51 3 0.7546
52 3 0.7235
53 3 0.7715
54 3 0.7538
55 3 0.7169
56 3 0.7034
57 3 0.7718
58 3 0.7216
59 3 0.7683
60 3 0.7336
61 3 0.7699
62 3 0.7719
63 3 0.7075
64 3 0.7251
65 3 0.7536
66 3 0.7303
67 3 0.7410
68 3 0.7951
69 3 0.7648
70 3 0.7341
71 3 0.7893
72 3 0.7404
73 3 0.7367
74 3 0.7214
75 3 0.7469
76 3 0.7294
77 3 0.7643
78 3 0.7146
79 3 0.7104
80 3 0.7379
81 3 0.7696
82 3 0.7476
83 3 0.7177
84 3 0.7136
85 3 0.7767
86 3 0.7782
87 3 0.7694
88 3 0.7799
89 3 0.7477
90 3 0.7707
91 3 0.7531
92 3 0.7924
93 3 0.7395
94 3 0.7179
95 3 0.7861
96 3 0.7312
97 3 0.7768
98 3 0.7689
99 3 0.7154
100 3 0.7247
101 3 0.7713
102 3 0.7866
103 3 0.7798
104 3 0.7529
105 3 0.7819
106 3 0.7220
107 3 0.7535
108 3 0.7980
109 3 0.7081
110 3 0.7413
111 3 0.7700
112 3 0.7946
113 3 0.7991
114 3 0.7464
115 3 0.7684
116 3 0.7446
117 3 0.7144
118 3 0.7630
119 3 0.7595
120 3 0.7328
121 3 0.7443
122 3 0.7029
123 3 0.7752
124 3 0.7529
125 3 0.7441
126 3 0.7009
127 3 0.7300
0 4 0.7415
1 4 0.7920
2 4 0.7571
3 4 0.7937
4 4 0.7638
5 4 0.7918
6 4 0.7754
7 4 0.7719
8 4 0.7180
9 4 0.7144
10 4 0.7355
11 4 0.7765
12 4 0.7890
13 4 0.7891
14 4 0.7549
15 4 0.7031
16 4 0.7047
17 4 0.7543
18 4 0.7420
19 4 0.7524
20 4 0.7603
21 4 0.7478
22 4 0.7108
23 4 0.7659
24 4 0.7365
25 4 0.7357
26 4 0.7716
27 4 0.7143
28 4 0.7122
29 4 0.7204
30 4 0.7642
31 4 0.7510
32 4 0.7923
33 4 0.7101
34 4 0.7991
35 4 0.7144
36 4 0.7053
37 4 0.7726
38 4 0.7845
39 4 0.7254
40 4 0.7422
41 4 0.7474
42 4 0.7871
43 4 0.7257
44 4 0.7514
45 4 0.7461
46 4 0.7403
47 4 0.7301
48 4 0.7413
49 4 0.7379
50 4 0.7742
51 4 0.7829
52 4 0.7505
53 4 0.7407
54 4 0.7716
55 4 0.7891
56 4 0.7836
57 4 0.7099
58 4 0.7250
59 4 0.7445
60 4 0.7403
61 4 0.7195
62 4 0.7524
63 4 0.7766
64 4 0.7200
65 4 0.7194
66 4 0.7100
67 4 0.7752
68 4 0.7294
69 4 0.7247
70 4 0.7288
71 4 0.7362
72 4 0.7980
73 4 0.7194
74 4 0.7786
75 4 0.7228
76 4 0.7726
77 4 0.7321
78 4 0.7827
79 4 0.7512
80 4 0.7795
81 4 0.7535
82 4 0.7666
83 4 0.7087
84 4 0.7642
85 4 0.7888
86 4 0.7218
87 4 0.7480
88 4 0.7276
89 4 0.7898
90 4 0.7017
91 4 0.7881
92 4 0.7229
93 4 0.7351
94 4 0.7805
95 4 0.7820
96 4 0.7547
97 4 0.7056
98 4 0.7054
99 4 0.7304
100 4 0.7390
101 4 0.7999
102 4 0.7136
103 4 0.7616
104 4 0.7113
105 4 0.7811
106 4 0.7004
107 4 0.7983
108 4 0.7759
109 4 0.7634
110 4 0.7147
111 4 0.7253
112 4 0.7107
113 4 0.7371
114 4 0.7708
115 4 0.7255
116 4 0.7386
117 4 0.7663
118 4 0.7289
119 4 0.7553
120 4 0.7670
121 4 0.7810
122 4 0.7905
123 4 0.7501
124 4 0.7304
125 4 0.7935
126 4 0.7233
127 4 0.7808
0 5 0.7232
1 5 0.7090
2 5 0.7498
3 5 0.7925
4 5 0.7644
5 5 0.7171
6 5 0.7969
7 5 0.7129
8 5 0.7670
9 5 0.7231
10 5 0.7973
11 5 0.7701
12 5 0.7920
13 5 0.7189
14 5 0.7595
15 5 0.7228
16 5 0.7854
17 5 0.7654
18 5 0.7295
19 5 0.7224
20 5 0.7298
21 5 0.7303
22 5 0.7722
23 5 0.7793
24 5 0.7708
25 5 0.7977
26 5 0.7710
27 5 0.7036
28 5 0.7554
29 5 0.7054
30 5 0.7981
31 5 0.7016
32 5 0.7146
33 5 0.7434
34 5 0.7172
35 5 0.7199
36 5 0.7079
37 5 0.7842
38 5 0.7153
39 5 0.7572
40 5 0.7466
41 5 0.7152
42 5 0.7781
43 5 0.7040
44 5 0.7532
45 5 0.7546
46 5 0.7168
47 5 0.7372
48 5 0.7157
49 5 0.7407
50 5 0.7713
51 5 0.7151
52 5 0.7122
53 5 0.7513
54 5 0.7851
55 5 0.7694
56 5 0.7839
57 5 0.7547
58 5 0.7982
59 5 0.7101
60 5 0.7573
61 5 0.7881
62 5 0.7309
63 5 0.7842
64 5 0.7729
65 5 0.7611
66 5 0.7589
67 5 0.7302
68 5 0.7226
69 5 0.7953
70 5 0.7487
71 5 0.7045
72 5 0.7031
73 5 0.7344
74 5 0.7018
75 5 0.7229
76 5 0.7693
77 5 0.7474
78 5 0.7347
79 5 0.7289
80 5 0.7924
81 5 0.7444
82 5 0.7493
83 5 0.7456
84 5 0.7016
85 5 0.7004
86 5 0.7050
87 5 0.7826
88 5 0.7320
89 5 0.7276
90 5 0.7086
91 5 0.7291
92 5 0.7863
93 5 0.7435
94 5 0.7460
95 5 0.7692
96 5 0.7512
97 5 0.7067
98 5 0.7284
99 5 0.7063
100 5 0.7076
101 5 0.7620
102 5 0.7677
103 5 0.7890
104 5 0.7074
105 5 0.7365
106 5 0.7987
107 5 0.7248
108 5 0.7240
109 5 0.7434
110 5 0.7210
111 5 0.7265
112 5 0.7737
113 5 0.7263
114 5 0.7843
115 5 0.7136
116 5 0.7456
117 5 0.7440
118 5 0.7597
119 5 0.7166
120 5 0.7118
121 5 0.7910
122 5 0.7794
123 5 0.7637
124 5 0.7131
125 5 0.7163
126 5 0.7577
127 5 0.7282
0 6 0.7591
1 6 0.7490
2 6 0.7110
3 6 0.7150
4 6 0.7933
5 6 0.7057
6 6 0.7191
7 6 0.7653
8 6 0.7219
9 6 0.7042
10 6 0.7470
11 6 0.7825
12 6 0.7241
13 6 0.7478
14 6 0.7476
15 6 0.7775
16 6 0.7842
17 6 0.7770
18 6 0.7321
19 6 0.7011
20 6 0.7584
21 6 0.7268
22 6 0.7127
23 6 0.7522
24 6 0.7086
25 6 0.7479
26 6 0.7494
27 6 0.7115
28 6 0.7790
29 6 0.7089
30 6 0.7301
31 6 0.7001
32 6 0.7486
33 6 0.7273
34 6 0.7243
35 6 0.7839
36 6 0.7912
37 6 0.7903
38 6 0.7580
39 6 0.7251
40 6 0.7764
41 6 0.7978
42 6 0.7725
43 6 0.7236
44 6 0.7869
45 6 0.7829
46 6 0.7945
47 6 0.7520
48 6 0.7540
49 6 0.7798
50 6 0.7638
51 6 0.7226
52 6 0.7423
53 6 0.7006
54 6 0.7394
55 6 0.7269
56 6 0.7779
57 6 0.7769
58 6 0.7508
59 6 0.7721
60 6 0.7342
61 6 0.7477
62 6 0.7493
63 6 0.7985
64 6 0.7846
65 6 0.7954
66 6 0.7067
67 6 0.7266
68 6 0.7180
69 6 0.7414
70 6 0.7249
71 6 0.7757
72 6 0.7461
73 6 0.7736
74 6 0.7051
75 6 0.7867
76 6 0.7239
77 6 0.7560
78 6 0.7431
79 6 0.7679
80 6 0.7554
81 6 0.7749
82 6 0.7871
83 6 0.7314
84 6 0.7821
85 6 0.7104
86 6 0.7315
87 6 0.7761
88 6 0.7406
89 6 0.7918
90 6 0.7642
91 6 0.7400
92 6 0.7195
93 6 0.7780
94 6 0.7156
95 6 0.7323
96 6 0.7007
97 6 0.7504
98 6 0.7297
99 6 0.7091
100 6 0.7365
101 6 0.7255
102 6 0.7828
103 6 0.7334
104 6 0.7469
105 6 0.7773
106 6 0.7531
107 6 0.7205
108 6 0.7663
109 6 0.7772
110 6 0.7341
111 6 0.7824
112 6 0.7164
113 6 0.7471
114 6 0.7955
115 6 0.7794
116 6 0.7354
117 6 0.7624
118 6 0.7062
119 6 0.7284
120 6 0.7595
121 6 0.7678
122 6 0.7079
123 6 0.7098
124 6 0.7212
125 6 0.7139
126 6 0.7769
127 6 0.7945
0 7 0.7109
1 7 0.7553
2 7 0.7186
3 7 0.7422
4 7 0.7724
5 7 0.7157
6 7 0.7766
7 7 0.7552
8 7 0.7154
9 7 0.7806
10 7 0.7449
11 7 0.7839
12 7 0.7828
13 7 0.7655
14 7 0.7809
15 7 0.7820
16 7 0.7294
17 7 0.7862
18 7 0.7884
19 7 0.7858
20 7 0.7299
21 7 0.7441
22 7 0.7133
23 7 0.7343
24 7 0.7860
25 7 0.7479
26 7 0.7676
27 7 0.7050
28 7 0.7671
29 7 0.7410
30 7 0.7286
31 7 0.7616
32 7 0.7981
33 7 0.7071
34 7 0.7869
35 7 0.7499
36 7 0.7374
37 7 0.7209
38 7 0.7586
39 7 0.7937
40 7 0.7869
41 7 0.7417
42 7 0.7287
43 7 0.7311
44 7 0.7585
45 7 0.7895
46 7 0.7357
47 7 0.7307
48 7 0.7259
49 7 0.7228
50 7 0.7849
51 7 0.7363
52 7 0.7111
53 7 0.7421
54 7 0.7296
55 7 0.7107
56 7 0.7909
57 7 0.7290
58 7 0.7847
59 7 0.7638
60 7 0.7400
61 7 0.7646
62 7 0.7485
63 7 0.7133
64 7 0.7234
65 7 0.7815
66 7 0.7406
67 7 0.7041
68 7 0.7772
69 7 0.7924
70 7 0.7084
71 7 0.7418
72 7 0.7201
73 7 0.7965
74 7 0.7545
75 7 0.7493
76 7 0.7160
77 7 0.7209
78 7 0.7306
79 7 0.7234
80 7 0.7960
81 7 0.7864
82 7 0.7887
83 7 0.7042
84 7 0.7356
85 7 0.7344
86 7 0.7492
87 7 0.7503
88 7 0.7863
89 7 0.7868
90 7 0.7326
91 7 0.7909
92 7 0.7640
93 7 0.7349
94 7 0.7012
95 7 0.7375
96 7 0.7307
97 7 0.7362
98 7 0.7697
99 7 0.7663
100 7 0.7332
101 7 0.7182
102 7 0.7481
103 7 0.7765
104 7 0.7340
105 7 0.7314
106 7 0.7717
107 7 0.7909
108 7 0.7915
109 7 0.7924
110 7 0.7807
111 7 0.7849
112 7 0.7090
113 7 0.7917
114 7 0.7662
115 7 0.7103
116 7 0.7192
117 7 0.7533
118 7 0.7970
119 7 0.7809
120 7 0.7362
121 7 0.7256
122 7 0.7050
123 7 0.7618
124 7 0.7340
125 7 0.7111
126 7 0.7939
127 7 0.7837
0 8 0.7075
1 8 0.7485
2 8 0.7133
3 8 0.7199
4 8 0.7887
5 8 0.7653
6 8 0.7668
7 8 0.7421
8 8 0.7776
9 8 0.7458
10 8 0.7592
11 8 0.7187
12 8 0.7438
13 8 0.7104
14 8 0.7033
15 8 0.7302
16 8 0.7693
17 8 0.7236
18 8 0.7422
19 8 0.7373
20 8 0.7780
21 8 0.7563
22 8 0.7636
23 8 0.7229
24 8 0.7239
25 8 0.7693
26 8 0.7257
27 8 0.7438
28 8 0.7874
29 8 0.7548
30 8 0.7167
31 8 0.7389
32 8 0.7339
33 8 0.7509
34 8 0.7904
35 8 0.8000
36 8 0.7744
37 8 0.7349
38 8 0.7102
39 8 0.7515
40 8 0.7845
41 8 0.7174
42 8 0.7699
43 8 0.7536
44 8 0.7350
45 8 0.7365
46 8 0.7169
47 8 0.7861
48 8 0.7452
49 8 0.7591
50 8 0.7520
51 8 0.7994
52 8 0.7037
53 8 0.7745
54 8 0.7054
55 8 0.7724
56 8 0.7584
57 8 0.7446
58 8 0.7735
59 8 0.7041
60 8 0.7383
61 8 0.7076
62 8 0.7421
63 8 0.7676
64 8 0.7860
65 8 0.7563
66 8 0.7637
67 8 0.7605
68 8 0.7116
69 8 0.7222
70 8 0.7478
71 8 0.7199
72 8 0.7271
73 8 0.7830
74 8 0.7617
75 8 0.7335
76 8 0.7468
77 8 0.7352
78 8 0.7678
79 8 0.7392
80 8 0.7746
81 8 0.7109
82 8 0.7029
83 8 0.7327
84 8 0.7364
85 8 0.7722
86 8 0.7236
87 8 0.7379
88 8 0.7864
89 8 0.7877
90 8 0.7322
91 8 0.7095
92 8 0.7678
93 8 0.7715
94 8 0.7799
95 8 0.7663
96 8 0.7752
97 8 0.7062
98 8 0.7728
99 8 0.7121
100 8 0.7252
101 8 0.7546
102 8 0.7038
103 8 0.7106
104 8 0.7316
105 8 0.7424
106 8 0.7761
107 8 0.7491
108 8 0.7354
109 8 0.7638
110 8 0.7748
111 8 0.7448
112 8 0.7857
113 8 0.7025
114 8 0.7595
115 8 0.7866
116 8 0.7315
117 8 0.7316
118 8 0.7294
119 8 0.7161
120 8 0.7688
121 8 0.7922
122 8 0.7587
123 8 0.7778
124 8 0.7737
125 8 0.7974
126 8 0.7425
127 8 0.7540
0 9 0.7682
1 9 0.7052
2 9 0.7389
3 9 0.7349
4 9 0.7696
5 9 0.7737
6 9 0.7107
7 9 0.7512
8 9 0.7714
9 9 0.7343
10 9 0.7038
11 9 0.7320
12 9 0.7140
13 9 0.7981
14 9 0.7096
15 9 0.7039
16 9 0.7830
17 9 0.7818
18 9 0.7459
19 9 0.7291
20 9 0.7027
21 9 0.7393
22 9 0.7843
23 9 0.7952
24 9 0.7355
25 9 0.7264
26 9 0.7425
27 9 0.7315
28 9 0.7038
29 9 0.7183
30 9 0.7446
31 9 0.7980
32 9 0.7793
33 9 0.7887
34 9 0.7245
35 9 0.7967
36 9 0.7349
37 9 0.7188
38 9 0.7365
39 9 0.7327
40 9 0.7391
41 9 0.7469
42 9 0.7868
43 9 0.7228
44 9 0.7078
45 9 0.7082
46 9 0.7777
47 9 0.7813
48 9 0.7327
49 9 0.7537
50 9 0.7222
51 9 0.7534
52 9 0.7076
53 9 0.7116
54 9 0.7961
55 9 0.7390
56 9 0.7357
57 9 0.7372
58 9 0.7652
59 9 0.7198
60 9 0.7077
61 9 0.7049
62 9 0.7684
63 9 0.7059
64 9 0.7734
65 9 0.7331
66 9 0.7765
67 9 0.7929
68 9 0.7411
69 9 0.7952
70 9 0.7656
71 9 0.7255
72 9 0.7710
73 9 0.7217
74 9 0.7370
75 9 0.7040
76 9 0.7047
77 9 0.7499
78 9 0.7349
79 9 0.7910
80 9 0.7471
81 9 0.7919
82 9 0.7854
83 9 0.7896
84 9 0.7499
85 9 0.7379
86 9 0.7520
87 9 0.7761
88 9 0.7527
89 9 0.7418
90 9 0.7950
91 9 0.7039
92 9 0.7237
93 9 0.7962
94 9 0.7560
95 9 0.7132
96 9 0.7905
97 9 0.7975
98 9 0.7712
99 9 0.7575
100 9 0.7476
101 9 0.7170
102 9 0.7459
103 9 0.7424
104 9 0.7206
105 9 0.7412
106 9 0.7184
107 9 0.7737
108 9 0.7877
109 9 0.7802
110 9 0.7755
111 9 0.7232
112 9 0.7087
113 9 0.7680
114 9 0.7866
115 9 0.7550
116 9 0.7536
117 9 0.7952
118 9 0.7506
119 9 0.7552
120 9 0.7123
121 9 0.7140
122 9 0.7366
123 9 0.7572
124 9 0.7001
125 9 0.7177
126 9 0.7186
127 9 0.7767
0 10 0.7759
1 10 0.7343
2 10 0.7587
3 10 0.7891
4 10 0.7843
5 10 0.7282
6 10 0.7345
7 10 0.7701
8 10 0.7547
9 10 0.7693
10 10 0.7407
11 10 0.7288
12 10 0.7614
13 10 0.7039
14 10 0.7230
15 10 0.7637
16 10 0.7032
17 10 0.7208
18 10 0.7517
19 10 0.7097
20 10 0.7232
21 10 0.7640
22 10 0.7052
23 10 0.7502
24 10 0.7470
25 10 0.7973
26 10 0.7370
27 10 0.7969
28 10 0.7213
29 10 0.7422
30 10 0.7576
31 10 0.7997
32 10 0.7540
33 10 0.7829
34 10 0.7847
35 10 0.7029
36 10 0.7712
37 10 0.7781
38 10 0.7409
39 10 0.7910
40 10 0.7656
41 10 0.7721
42 10 0.7761
43 10 0.7764
44 10 0.7884
45 10 0.7352
46 10 0.7976
47 10 0.7553
48 10 0.7816
49 10 0.7010
50 10 0.7960
51 10 0.7740
52 10 0.7123
53 10 0.7822
54 10 0.7418
55 10 0.7992
56 10 0.7896
57 10 0.7845
58 10 0.7716
59 10 0.7884
60 10 0.7019
61 10 0.7204
62 10 0.7293
63 10 0.7835
64 10 0.7163
65 10 0.7875
66 10 0.7069
67 10 0.7481
68 10 0.7725
69 10 0.7961
70 10 0.7553
71 10 0.7555
72 10 0.7047
73 10 0.7048
74 10 0.7003
75 10 0.7876
76 10 0.7459
77 10 0.7158
78 10 0.7781
79 10 0.7731
80 10 0.7836
81 10 0.7234
82 10 0.7002
83 10 0.7639
84 10 0.7125
85 10 0.7259
86 10 0.7275
87 10 0.7678
88 10 0.7848
89 10 0.7222
90 10 0.7800
91 10 0.7098
92 10 0.7072
93 10 0.7303
94 10 0.7505
95 10 0.7823
96 10 0.7888
97 10 0.7975
98 10 0.7099
99 10 0.7217
100 10 0.7776
101 10 0.7949
102 10 0.7816
103 10 0.7356
104 10 0.7783
105 10 0.7304
106 10 0.7189
107 10 0.7153
108 10 0.7308
109 10 0.7975
110 10 0.7092
111 10 0.7874
112 10 0.7273
113 10 0.7682
114 10 0.7369
115 10 0.7047
116 10 0.7707
117 10 0.7639
118 10 0.7212
119 10 0.7563
120 10 0.7110
121 10 0.7187
122 10 0.7770
123 10 0.7713
124 10 0.7219
125 10 0.7450
126 10 0.7586
127 10 0.7654
0 11 0.7749
1 11 0.7640
2 11 0.7766
3 11 0.7004
4 11 0.7010
5 11 0.7124
6 11 0.7866
7 11 0.7623
8 11 0.7262
9 11 0.7132
10 11 0.7134
11 11 0.7016
12 11 0.7876
13 11 0.7747
14 11 0.7146
15 11 0.7861
16 11 0.7481
17 11 0.7261
18 11 0.7115
19 11 0.7362
20 11 0.7720
21 11 0.7538
22 11 0.7780
23 11 0.7176
24 11 0.7692
25 11 0.7172
26 11 0.7572
27 11 0.7321
28 11 0.7891
29 11 0.7500
30 11 0.7058
31 11 0.7142
32 11 0.7857
33 11 0.7250
34 11 0.7193
35 11 0.7064
36 11 0.7858
37 11 0.7396
38 11 0.7314
39 11 0.7022
40 11 0.7308
41 11 0.7488
42 11 0.7299
43 11 0.7239
44 11 0.7886
45 11 0.7706
46 11 0.7826
47 11 0.7749
48 11 0.7916
49 11 0.7492
50 11 0.7617
51 11 0.7079
52 11 0.7678
53 11 0.7260
54 11 0.7487
55 11 0.7339
56 11 0.7064
57 11 0.7878
58 11 0.7112
59 11 0.7840
60 11 0.7095
61 11 0.7680
62 11 0.7998
63 11 0.7804
64 11 0.7868
65 11 0.7952
66 11 0.7327
67 11 0.7668
68 11 0.7750
69 11 0.7584
70 11 0.7891
71 11 0.7895
72 11 0.7778
73 11 0.7284
74 11 0.7227
75 11 0.7515
76 11 0.7568
77 11 0.7377
78 11 0.7879
79 11 0.7244
80 11 0.7275
81 11 0.7286
82 11 0.7376
83 11 0.7989
84 11 0.7501
85 11 0.7952
86 11 0.7133
87 11 0.7555
88 11 0.7173
89 11 0.7156
90 11 0.7339
91 11 0.7555
92 11 0.7349
93 11 0.7607
94 11 0.7545
95 11 0.7261
96 11 0.7688
97 11 0.7780
98 11 0.7704
99 11 0.7816
100 11 0.7832
101 11 0.7905
102 11 0.7560
103 11 0.7341
104 11 0.7656
105 11 0.7329
106 11 0.7873
107 11 0.7073
108 11 0.7373
109 11 0.7797
110 11 0.7022
111 11 0.7513
112 11 0.7335
113 11 0.7377
114 11 0.7999
115 11 0.7552
116 11 0.7170
117 11 0.7556
118 11 0.7749
119 11 0.7123
120 11 0.7114
121 11 0.7494
122 11 0.7899
123 11 0.7361
124 11 0.7461
125 11 0.7080
126 11 0.7678
127 11 0.7150
0 12 0.7185
1 12 0.7073
2 12 0.7045
3 12 0.7773
4 12 0.7380
5 12 0.7409
6 12 0.7794
7 12 0.7547
8 12 0.7025
9 12 0.7864
10 12 0.7125
11 12 0.7609
12 12 0.7860
13 12 0.7656
14 12 0.7340
15 12 0.7484
16 12 0.7005
17 12 0.7196
18 12 0.7917
19 12 0.7844
20 12 0.7068
21 12 0.7098
22 12 0.7513
23 12 0.7222
24 12 0.7736
25 12 0.7677
26 12 0.7141
27 12 0.7809
28 12 0.7896
29 12 0.7978
30 12 0.7605
31 12 0.7890
32 12 0.7714
33 12 0.7319
34 12 0.7597
35 12 0.7264
36 12 0.7366
37 12 0.7413
38 12 0.7058
39 12 0.7247
40 12 0.7577
41 12 0.7167
42 12 0.7898
43 12 0.7472
44 12 0.7579
45 12 0.7997
46 12 0.7347
47 12 0.7879
48 12 0.7626
49 12 0.7911
50 12 0.7991
51 12 0.7853
52 12 0.7712
53 12 0.7212
54 12 0.7936
55 12 0.7071
56 12 0.7620
57 12 0.7483
58 12 0.7694
59 12 0.7237
60 12 0.7148
61 12 0.7372
62 12 0.7920
63 12 0.7027
64 12 0.7934
65 12 0.7381
66 12 0.7600
67 12 0.7390
68 12 0.7969
69 12 0.7014
70 12 0.7269
71 12 0.7568
72 12 0.7640
73 12 0.7706
74 12 0.7335
75 12 0.7598
76 12 0.7343
77 12 0.7894
78 12 0.7138
79 12 0.7204
80 12 0.7142
81 12 0.7444
82 12 0.7176
83 12 0.7712
84 12 0.7871
85 12 0.7497
86 12 0.7056
87 12 0.7161
88 12 0.7314
89 12 0.7471
90 12 0.7412
91 12 0.7200
92 12 0.7706
93 12 0.7814
94 12 0.7507
95 12 0.7702
96 12 0.7873
97 12 0.7932
98 12 0.7994
99 12 0.7565
100 12 0.7634
101 12 0.7435
102 12 0.7252
103 12 0.7983
104 12 0.7321
105 12 0.7264
106 12 0.7027
107 12 0.7121
108 12 0.7365
109 12 0.7106
110 12 0.7405
111 12 0.7027
112 12 0.7427
113 12 0.7650
114 12 0.7132
115 12 0.7592
116 12 0.7409
117 12 0.7057
118 12 0.7390
119 12 0.7027
120 12 0.7190
121 12 0.7789
122 12 0.7905
123 12 0.7370
124 12 0.7689
125 12 0.7495
126 12 0.7399
127 12 0.7668
0 13 0.7850
1 13 0.7544
2 13 0.7440
3 13 0.7242
4 13 0.7112
5 13 0.7115
6 13 0.7953
7 13 0.7599
8 13 0.7090
9 13 0.7200
10 13 0.7134
11 13 0.7955
12 13 0.7427
13 13 0.7040
14 13 0.7768
15 13 0.7879
16 13 0.7836
17 13 0.7769
18 13 0.7811
19 13 0.7123
20 13 0.7807
21 13 0.7242
22 13 0.7514
23 13 0.7950
24 13 0.7929
25 13 0.7365
26 13 0.7430
27 13 0.7048
28 13 0.7022
29 13 0.7102
30 13 0.7516
31 13 0.7165
32 13 0.7418
33 13 0.7255
34 13 0.7117
35 13 0.7725
36 13 0.7021
37 13 0.7729
38 13 0.7023
39 13 0.7527
40 13 0.7398
41 13 0.7656
42 13 0.7067
43 13 0.7387
44 13 0.7993
45 13 0.7908
46 13 0.7313
47 13 0.7436
48 13 0.7603
49 13 0.7673
50 13 0.7089
51 13 0.7679
52 13 0.7464
53 13 0.7397
54 13 0.7583
55 13 0.7785
56 13 0.7668
57 13 0.7243
58 13 0.7197
59 13 0.7468
60 13 0.7107
61 13 0.7426
62 13 0.7643
63 13 0.7255
64 13 0.7564
65 13 0.7222
66 13 0.7461
67 13 0.7860
68 13 0.7294
69 13 0.7304
70 13 0.7689
71 13 0.7938
72 13 0.7949
73 13 0.7659
74 13 0.7217
75 13 0.7039
76 13 0.7766
77 13 0.7355
78 13 0.7498
79 13 0.7706
80 13 0.7002
81 13 0.7079
82 13 0.7904
83 13 0.7690
84 13 0.7694
85 13 0.7701
86 13 0.7414
87 13 0.7129
88 13 0.7161
89 13 0.7017
90 13 0.7600
91 13 0.7810
92 13 0.7294
93 13 0.7508
94 13 0.7055
95 13 0.7618
96 13 0.7743
97 13 0.7342
98 13 0.7979
99 13 0.7365
100 13 0.7446
101 13 0.7760
102 13 0.7628
103 13 0.7482
104 13 0.7771
105 13 0.7540
106 13 0.7973
107 13 0.7189
108 13 0.7538
109 13 0.7408
110 13 0.7266
111 13 0.7933
112 13 0.7453
113 13 0.7953
114 13 0.7271
115 13 0.7779
116 13 0.7159
117 13 0.7282
118 13 0.7023
119 13 0.7463
120 13 0.7501
121 13 0.7571
122 13 0.7409
123 13 0.7975
124 13 0.7223
125 13 0.7975
126 13 0.7570
127 13 0.7073
0 14 0.7024
1 14 0.7864
2 14 0.7996
3 14 0.7978
4 14 0.7325
5 14 0.7909
6 14 0.7241
7 14 0.7853
8 14 0.7291
9 14 0.7572
10 14 0.7885
11 14 0.7761
12 14 0.7600
13 14 0.7553
14 14 0.7061
15 14 0.7741
16 14 0.7636
17 14 0.7333
18 14 0.7698
19 14 0.7980
20 14 0.7654
21 14 0.7420
22 14 0.7913
23 14 0.7072
24 14 0.7129
25 14 0.7770
26 14 0.7106
27 14 0.7242
28 14 0.7390
29 14 0.7179
30 14 0.7872
31 14 0.7577
32 14 0.7838
33 14 0.7801
34 14 0.7392
35 14 0.7104
36 14 0.7317
37 14 0.7454
38 14 0.7395
39 14 0.7518
40 14 0.7325
41 14 0.7351
42 14 0.7051
43 14 0.7535
44 14 0.7611
45 14 0.7306
46 14 0.7159
47 14 0.7767
48 14 0.7321
49 14 0.7553
50 14 0.7910
51 14 0.7847
52 14 0.7344
53 14 0.7821
54 14 0.7447
55 14 0.7474
56 14 0.7069
57 14 0.7045
58 14 0.7228
59 14 0.7820
60 14 0.7237
61 14 0.7218
62 14 0.7549
63 14 0.7781
64 14 0.7140
65 14 0.7981
66 14 0.7461
67 14 0.7777
68 14 0.7759
69 14 0.7835
70 14 0.7399
71 14 0.7297
72 14 0.7973
73 14 0.7915
74 14 0.7451
75 14 0.7460
76 14 0.7094
77 14 0.7823
78 14 0.7287
79 14 0.7000
80 14 0.7156
81 14 0.7947
82 14 0.7674
83 14 0.7649
84 14 0.7454
85 14 0.7100
86 14 0.7203
87 14 0.7765
88 14 0.7983
89 14 0.7163
90 14 0.7430
91 14 0.7876
92 14 0.7667
93 14 0.7299
94 14 0.7103
95 14 0.7011
96 14 0.7071
97 14 0.7622
98 14 0.7028
99 14 0.7576
100 14 0.7188
101 14 0.7075
102 14 0.7793
103 14 0.7028
104 14 0.7388
105 14 0.7024
106 14 0.7766
107 14 0.7611
108 14 0.7367
109 14 0.7964
110 14 0.7122
111 14 0.7139
112 14 0.7148
113 14 0.7445
114 14 0.7123
115 14 0.7273
116 14 0.7930
117 14 0.7168
118 14 0.7238
119 14 0.7516
120 14 0.7168
121 14 0.7839
122 14 0.7021
123 14 0.7150
124 14 0.7851
125 14 0.7655
126 14 0.7055
127 14 0.7540
0 15 0.7453
1 15 0.7693
2 15 0.7546
3 15 0.7860
4 15 0.7884
5 15 0.7021
6 15 0.7862
7 15 0.7899
8 15 0.7727
9 15 0.7131
10 15 0.7431
11 15 0.7862
12 15 0.7458
13 15 0.7323
14 15 0.7553
15 15 0.7463
16 15 0.7308
17 15 0.7289
18 15 0.7423
19 15 0.7499
20 15 0.7020
21 15 0.7412
22 15 0.7371
23 15 0.7569
24 15 0.7894
25 15 0.7641
26 15 0.7140
27 15 0.7361
28 15 0.7457
29 15 0.7523
30 15 0.7128
31 15 0.7869
32 15 0.7480
33 15 0.7009
34 15 0.7053
35 15 0.7478
36 15 0.7975
37 15 0.7107
38 15 0.7792
39 15 0.7259
40 15 0.7654
41 15 0.7941
42 15 0.7065
43 15 0.7770
44 15 0.7335
45 15 0.7693
46 15 0.7589
47 15 0.7518
48 15 0.7565
49 15 0.7787
50 15 0.7281
51 15 0.7598
52 15 0.7523
53 15 0.7185
54 15 0.7237
55 15 0.7097
56 15 0.7978
57 15 0.7923
58 15 0.7204
59 15 0.7947
60 15 0.7695
61 15 0.7935
62 15 0.7875
63 15 0.7594
64 15 0.7783
65 15 0.7124
66 15 0.7850
67 15 0.7948
68 15 0.7872
69 15 0.7204
70 15 0.7603
71 15 0.7048
72 15 0.7250
73 15 0.7611
74 15 0.7052
75 15 0.7819
76 15 0.7963
77 15 0.7556
78 15 0.7021
79 15 0.7067
80 15 0.7904
81 15 0.7855
82 15 0.7853
83 15 0.7887
84 15 0.7422
85 15 0.7418
86 15 0.7440
87 15 0.7348
88 15 0.7996
89 15 0.7844
90 15 0.7172
91 15 0.7490
92 15 0.7401
93 15 0.7574
94 15 0.7400
95 15 0.7122
96 15 0.7219
97 15 0.7540
98 15 0.7903
99 15 0.7206
100 15 0.7616
101 15 0.7529
102 15 0.7279
103 15 0.7113
104 15 0.7224
105 15 0.7373
106 15 0.7077
107 15 0.7806
108 15 0.7941
109 15 0.7573
110 15 0.7214
111 15 0.7996
112 15 0.7691
113 15 0.7093
114 15 0.7900
115 15 0.7060
116 15 0.7961
117 15 0.7770
118 15 0.7254
119 15 0.7333
120 15 0.7557
121 15 0.7448
122 15 0.7678
123 15 0.7128
124 15 0.7180
125 15 0.7012
126 15 0.7713
127 15 0.7121
0 16 0.7220
1 16 0.7595
2 16 0.7717
3 16 0.7637
4 16 0.7613
5 16 0.7423
6 16 0.7474
7 16 0.7296
8 16 0.7239
9 16 0.7176
10 16 0.7430
11 16 0.7961
12 16 0.7312
13 16 0.7595
14 16 0.7455
15 16 0.7082
16 16 0.7491
17 16 0.7332
18 16 0.7685
19 16 0.7467
20 16 0.7818
21 16 0.7645
22 16 0.7477
23 16 0.7352
24 16 0.7012
25 16 0.7537
26 16 0.7742
27 16 0.7319
28 16 0.7438
29 16 0.7113
30 16 0.7937
31 16 0.7725
32 16 0.7802
33 16 0.7609
34 16 0.7687
35 16 0.7919
36 16 0.7522
37 16 0.7453
38 16 0.7910
39 16 0.7500
40 16 0.7639
41 16 0.7528
42 16 0.7423
43 16 0.7169
44 16 0.7026
45 16 0.7073
46 16 0.7964
47 16 0.7456
48 16 0.7424
49 16 0.7949
50 16 0.7954
51 16 0.7258
52 16 0.7092
53 16 0.7173
54 16 0.7232
55 16 0.7462
56 16 0.7959
57 16 0.7030
58 16 0.7172
59 16 0.7426
60 16 0.7315
61 16 0.7585
62 16 0.7454
63 16 0.7568
64 16 0.7827
65 16 0.7001
66 16 0.7452
67 16 0.7097
68 16 0.7802
69 16 0.7195
70 16 0.7438
71 16 0.7296
72 16 0.7383
73 16 0.7527
74 16 0.7946
75 16 0.7827
76 16 0.7127
77 16 0.7159
78 16 0.7180
79 16 0.7990
80 16 0.7094
81 16 0.7873
82 16 0.7067
83 16 0.7117
84 16 0.7976
85 16 0.7292
86 16 0.7860
87 16 0.7626
88 16 0.7251
89 16 0.7050
90 16 0.7772
91 16 0.7116
92 16 0.7433
93 16 0.7893
94 16 0.7010
95 16 0.7616
96 16 0.7283
97 16 0.7997
98 16 0.7264
99 16 0.7183
100 16 0.7361
101 16 0.7001
102 16 0.7361
103 16 0.7198
104 16 0.7077
105 16 0.7153
106 16 0.7072
107 16 0.7180
108 16 0.7497
109 16 0.7213
110 16 0.7833
111 16 0.7878
112 16 0.7086
113 16 0.7327
114 16 0.7302
115 16 0.7002
116 16 0.7349
117 16 0.7931
118 16 0.7338
119 16 0.7431
120 16 0.7320
121 16 0.7375
122 16 0.7090
123 16 0.7074
124 16 0.7419
125 16 0.7907
126 16 0.7249
127 16 0.7078
0 17 0.7080
1 17 0.7979
2 17 0.7298
3 17 0.7441
4 17 0.7526
5 17 0.7796
6 17 0.7224
7 17 0.7676
8 17 0.7371
9 17 0.7655
10 17 0.7953
11 17 0.7692
12 17 0.7743
13 17 0.7474
14 17 0.7457
15 17 0.7620
16 17 0.7449
17 17 0.7070
18 17 0.7197
19 17 0.7455
20 17 0.7921
21 17 0.7657
22 17 0.7664
23 17 0.7567
24 17 0.7795
25 17 0.7516
26 17 0.7894
27 17 0.7754
28 17 0.7861
29 17 0.7149
30 17 0.7103
31 17 0.7154
32 17 0.7464
33 17 0.7121
34 17 0.7559
35 17 0.7267
36 17 0.7323
37 17 0.7646
38 17 0.7912
39 17 0.7622
40 17 0.7147
41 17 0.7189
42 17 0.7265
43 17 0.7272
44 17 0.7890
45 17 0.7439
46 17 0.7193
47 17 0.7004
48 17 0.7935
49 17 0.7263
50 17 0.7473
51 17 0.7707
52 17 0.7391
53 17 0.7760
54 17 0.7339
55 17 0.7454
56 17 0.7824
57 17 0.7990
58 17 0.7781
59 17 0.7993
60 17 0.7652
61 17 0.7812
62 17 0.7832
63 17 0.7218
64 17 0.7300
65 17 0.7217
66 17 0.7766
67 17 0.7349
68 17 0.7185
69 17 0.7806
70 17 0.7531
71 17 0.7227
72 17 0.7679
73 17 0.7489
74 17 0.7404
75 17 0.7743
76 17 0.7544
77 17 0.7171
78 17 0.7179
79 17 0.7554
80 17 0.7157
81 17 0.7287
82 17 0.7757
83 17 0.7476
84 17 0.7233
85 17 0.7720
86 17 0.7582
87 17 0.7414
88 17 0.7894
89 17 0.7996
90 17 0.7828
91 17 0.7390
92 17 0.7036
93 17 0.7329
94 17 0.7229
95 17 0.7835
96 17 0.7716
97 17 0.7100
98 17 0.7428
99 17 0.7646
100 17 0.7469
101 17 0.7704
102 17 0.7248
103 17 0.7174
104 17 0.7538
105 17 0.7326
106 17 0.7979
107 17 0.7255
108 17 0.7753
109 17 0.7345
110 17 0.7097
111 17 0.7293
112 17 0.7112
113 17 0.7067
114 17 0.7445
115 17 0.7452
116 17 0.7720
117 17 0.7951
118 17 0.7094
119 17 0.7704
120 17 0.7982
121 17 0.7670
122 17 0.7516
123 17 0.7473
124 17 0.7876
125 17 0.7735
126 17 0.7208
127 17 0.7363
0 18 0.7013
1 18 0.7790
2 18 0.7779
3 18 0.7626
4 18 0.7176
5 18 0.7696
6 18 0.7972
7 18 0.7973
8 18 0.7755
9 18 0.7020
10 18 0.7800
11 18 0.7598
12 18 0.7538
13 18 0.7812
14 18 0.7882
15 18 0.7886
16 18 0.7431
17 18 0.7718
18 18 0.7402
19 18 0.7568
20 18 0.7917
21 18 0.7058
22 18 0.7319
23 18 0.7929
24 18 0.7084
25 18 0.7957
26 18 0.7552
27 18 0.7306
28 18 0.7641
29 18 0.7638
30 18 0.7077
31 18 0.7478
32 18 0.7371
33 18 0.7188
34 18 0.7329
35 18 0.7867
36 18 0.7890
37 18 0.7330
38 18 0.7468
39 18 0.7457
40 18 0.7135
41 18 0.7158
42 18 0.7437
43 18 0.7579
44 18 0.7402
45 18 0.7938
46 18 0.7570
47 18 0.7039
48 18 0.7751
49 18 0.7886
50 18 0.7369
51 18 0.7383
52 18 0.7644
53 18 0.7333
54 18 0.7025
55 18 0.7962
56 18 0.7753
57 18 0.7748
58 18 0.7857
59 18 0.7133
60 18 0.7200
61 18 0.7478
62 18 0.7678
63 18 0.7931
64 18 0.7316
65 18 0.7444
66 18 0.7899
67 18 0.7178
68 18 0.7466
69 18 0.7219
70 18 0.7408
71 18 0.7256
72 18 0.7849
73 18 0.7501
74 18 0.7274
75 18 0.7281
76 18 0.7224
77 18 0.7010
78 18 0.7782
79 18 0.7452
80 18 0.7715
81 18 0.7095
82 18 0.7928
83 18 0.7464
84 18 0.7995
85 18 0.7127
86 18 0.7950
87 18 0.7257
88 18 0.7947
89 18 0.7747
90 18 0.7042
91 18 0.7097
92 18 0.7133
93 18 0.7917
94 18 0.7078
95 18 0.7135
96 18 0.7022
97 18 0.7917
98 18 0.7919
99 18 0.7404
100 18 0.7329
101 18 0.7703
102 18 0.7591
103 18 0.7103
104 18 0.7608
105 18 0.7339
106 18 0.7547
107 18 0.7045
108 18 0.7703
109 18 0.7772
110 18 0.7236
111 18 0.7312
112 18 0.7553
113 18 0.7824
114 18 0.7739
115 18 0.7167
116 18 0.7060
117 18 0.7069
118 18 0.7426
119 18 0.7473
120 18 0.7602
121 18 0.7728
122 18 0.7511
123 18 0.7611
124 18 0.7577
125 18 0.7649
126 18 0.7597
127 18 0.7544
0 19 0.7099
1 19 0.7768
2 19 0.7770
3 19 0.7730
4 19 0.7558
5 19 0.7447
6 19 0.7900
7 19 0.7118
8 19 0.7882
9 19 0.7273
10 19 0.7442
11 19 0.7379
12 19 0.7398
13 19 0.7736
14 19 0.7804
15 19 0.7304
16 19 0.7197
17 19 0.7923
18 19 0.7159
19 19 0.7478
20 19 0.7886
21 19 0.7588
22 19 0.7348
23 19 0.7752
24 19 0.7434
25 19 0.7869
26 19 0.7318
27 19 0.7074
28 19 0.7691
29 19 0.7734
30 19 0.7897
31 19 0.7235
32 19 0.7252
33 19 0.7815
34 19 0.7785
35 19 0.7588
36 19 0.7477
37 19 0.7925
38 19 0.7159
39 19 0.7879
40 19 0.7032
41 19 0.7656
42 19 0.7238
43 19 0.7081
44 19 0.7074
45 19 0.7319
46 19 0.7682
47 19 0.7368
48 19 0.7337
49 19 0.7117
50 19 0.7361
51 19 0.7129
52 19 0.7378
53 19 0.7076
54 19 0.7588
55 19 0.7794
56 19 0.7389
57 19 0.7925
58 19 0.7006
59 19 0.7129
60 19 0.7165
61 19 0.7226
62 19 0.7919
63 19 0.7182
64 19 0.7656
65 19 0.7670
66 19 0.7252
67 19 0.7432
68 19 0.7607
69 19 0.7216
70 19 0.7406
71 19 0.7661
72 19 0.7319
73 19 0.7409
74 19 0.7637
75 19 0.7035
76 19 0.7198
77 19 0.7762
78 19 0.7474
79 19 0.7579
80 19 0.7287
81 19 0.7143
82 19 0.7781
83 19 0.7956
84 19 0.7090
85 19 0.7303
86 19 0.7830
87 19 0.7519
88 19 0.7145
89 19 0.7582
90 19 0.7409
91 19 0.7392
92 19 0.7820
93 19 0.7455
94 19 0.7042
95 19 0.7964
96 19 0.7034
97 19 0.7001
98 19 0.7863
99 19 0.7325
100 19 0.7481
101 19 0.7406
102 19 0.7974
103 19 0.7335
104 19 0.7410
105 19 0.7465
106 19 0.7429
107 19 0.7019
108 19 0.7690
109 19 0.7533
110 19 0.7278
111 19 0.7153
112 19 0.7444
113 19 0.7646
114 19 0.7753
115 19 0.7881
116 19 0.7229
117 19 0.7897
118 19 0.7394
119 19 0.7821
120 19 0.7346
121 19 0.7522
122 19 0.7315
123 19 0.7915
124 19 0.7219
125 19 0.7852
126 19 0.7064
127 19 0.7181
0 20 0.7091
1 20 0.7843
2 20 0.7540
3 20 0.7847
4 20 0.7627
5 20 0.7240
6 20 0.7025
7 20 0.7212
8 20 0.7646
9 20 0.7992
10 20 0.7527
11 20 0.7191
12 20 0.7795
13 20 0.7836
14 20 0.7668
15 20 0.7456
16 20 0.7267
17 20 0.7759
18 20 0.7356
19 20 0.7648
20 20 0.7088
21 20 0.7291
22 20 0.7005
23 20 0.7336
24 20 0.7335
25 20 0.7744
26 20 0.7635
27 20 0.7513
28 20 0.7006
29 20 0.7001
30 20 0.7601
31 20 0.7770
32 20 0.7993
33 20 0.7142
34 20 0.7113
35 20 0.7598
36 20 0.7236
37 20 0.7119
38 20 0.7531
39 20 0.7278
40 20 0.7206
41 20 0.7910
42 20 0.7188
43 20 0.7212
44 20 0.7620
45 20 0.7827
46 20 0.7383
47 20 0.7429
48 20 0.7836
49 20 0.7940
50 20 0.7840
51 20 0.7089
52 20 0.7982
53 20 0.7607
54 20 0.7704
55 20 0.7766
56 20 0.7093
57 20 0.7595
58 20 0.7522
59 20 0.7663
60 20 0.7023
61 20 0.7072
62 20 0.7389
63 20 0.7983
64 20 0.7722
65 20 0.7316
66 20 0.7247
67 20 0.7323
68 20 0.7994
69 20 0.7992
70 20 0.7033
71 20 0.7863
72 20 0.7274
73 20 0.7412
74 20 0.7846
75 20 0.7342
76 20 0.7342
77 20 0.7307
78 20 0.7611
79 20 0.7727
80 20 0.7538
81 20 0.7257
82 20 0.7397
83 20 0.7364
84 20 0.7845
85 20 0.7496
86 20 0.7295
87 20 0.7909
88 20 0.7971
89 20 0.7327
90 20 0.7853
91 20 0.7176
92 20 0.7726
93 20 0.7482
94 20 0.7578
95 20 0.7555
96 20 0.7029
97 20 0.7800
98 20 0.7317
99 20 0.7516
100 20 0.7342
101 20 0.7949
102 20 0.7821
103 20 0.7561
104 20 0.7144
105 20 0.7022
106 20 0.7090
107 20 0.7316
108 20 0.7937
109 20 0.7321
110 20 0.7536
111 20 0.7568
112 20 0.7456
113 20 0.7909
114 20 0.7953
115 20 0.7770
116 20 0.7179
117 20 0.7124
118 20 0.7994
119 20 0.7570
120 20 0.7368
121 20 0.7584
122 20 0.7055
123 20 0.7820
124 20 0.7729
125 20 0.7688
126 20 0.7645
127 20 0.7457
0 21 0.7493
1 21 0.7312
2 21 0.7154
3 21 0.7509
4 21 0.7554
5 21 0.7722
6 21 0.7276
7 21 0.7241
8 21 0.7368
9 21 0.7541
10 21 0.7966
11 21 0.7796
12 21 0.7089
13 21 0.7529
14 21 0.7008
15 21 0.7833
16 21 0.7986
17 21 0.7433
18 21 0.7385
19 21 0.7630
20 21 0.7111
21 21 0.7341
22 21 0.7005
23 21 0.7980
24 21 0.7420
25 21 0.7271
26 21 0.7554
27 21 0.7353
28 21 0.7776
29 21 0.7167
30 21 0.7875
31 21 0.7243
32 21 0.7058
33 21 0.7673
34 21 0.7837
35 21 0.7321
36 21 0.7829
37 21 0.7524
38 21 0.7173
39 21 0.7873
40 21 0.7082
41 21 0.7359
42 21 0.7009
43 21 0.7353
44 21 0.7986
45 21 0.7583
46 21 0.7095
47 21 0.7339
48 21 0.7124
49 21 0.7904
50 21 0.7793
51 21 0.7557
52 21 0.7903
53 21 0.7282
54 21 0.7418
55 21 0.7832
56 21 0.7015
57 21 0.7653
58 21 0.7425
59 21 0.7587
60 21 0.7572
61 21 0.7854
62 21 0.7409
63 21 0.7701
64 21 0.7030
65 21 0.7713
66 21 0.7905
67 21 0.7691
68 21 0.7724
69 21 0.7400
70 21 0.7675
71 21 0.7688
72 21 0.7268
73 21 0.7169
74 21 0.7356
75 21 0.7124
76 21 0.7483
77 21 0.7347
78 21 0.7562
79 21 0.7545
80 21 0.7786
81 21 0.7332
82 21 0.7927
83 21 0.7156
84 21 0.7161
85 21 0.7003
86 21 0.7174
87 21 0.7667
88 21 0.7758
89 21 0.7471
90 21 0.7951
91 21 0.7550
92 21 0.7696
93 21 0.7994
94 21 0.7173
95 21 0.7849
96 21 0.7037
97 21 0.7116
98 21 0.7254
99 21 0.7317
100 21 0.7929
101 21 0.7251
102 21 0.7861
103 21 0.7791
104 21 0.7580
105 21 0.7443
106 21 0.7797
107 21 0.7279
108 21 0.7645
109 21 0.7280
110 21 0.7095
111 21 0.7688
112 21 0.7327
113 21 0.7266
114 21 0.7171
115 21 0.7241
116 21 0.7717
117 21 0.7386
118 21 0.7828
119 21 0.7202
120 21 0.7647
121 21 0.7309
122 21 0.7917
123 21 0.7618
124 21 0.7636
125 21 0.7232
126 21 0.7978
127 21 0.7851
0 22 0.7956
1 22 0.7569
2 22 0.7087
3 22 0.7324
4 22 0.7432
5 22 0.7223
6 22 0.7381
7 22 0.7949
8 22 0.7256
9 22 0.7806
10 22 0.7841
11 22 0.7656
12 22 0.7191
13 22 0.7577
14 22 0.7736
15 22 0.7651
16 22 0.7719
17 22 0.7850
18 22 0.7062
19 22 0.7383
20 22 0.7982
21 22 0.7482
22 22 0.7517
23 22 0.7743
24 22 0.7810
25 22 0.7413
26 22 0.7208
27 22 0.7207
28 22 0.7134
29 22 0.7098
30 22 0.7700
31 22 0.7377
32 22 0.7081
33 22 0.7403
34 22 0.7138
35 22 0.7392
36 22 0.7957
37 22 0.7482
38 22 0.7936
39 22 0.7823
40 22 0.7711
41 22 0.7855
42 22 0.7759
43 22 0.7398
44 22 0.7706
45 22 0.7877
46 22 0.7942
47 22 0.7871
48 22 0.7187
49 22 0.7859
50 22 0.7320
51 22 0.7737
52 22 0.7834
53 22 0.7391
54 22 0.7512
55 22 0.7098
56 22 0.7425
57 22 0.7385
58 22 0.7883
59 22 0.7879
60 22 0.7261
61 22 0.7263
62 22 0.7698
63 22 0.7790
64 22 0.7430
65 22 0.7374
66 22 0.7875
67 22 0.7939
68 22 0.7406
69 22 0.7076
70 22 0.7719
71 22 0.7953
72 22 0.7365
73 22 0.7430
74 22 0.7022
75 22 0.7820
76 22 0.7927
77 22 0.7618
78 22 0.7540
79 22 0.7520
80 22 0.7097
81 22 0.7090
82 22 0.7749
83 22 0.7593
84 22 0.7583
85 22 0.7942
86 22 0.7702
87 22 0.7404
88 22 0.7900
89 22 0.7101
90 22 0.7377
91 22 0.7178
92 22 0.7740
93 22 0.7596
94 22 0.7606
95 22 0.7818
96 22 0.7171
97 22 0.7986
98 22 0.7417
99 22 0.7708
100 22 0.7831
101 22 0.7295
102 22 0.7772
103 22 0.7615
104 22 0.7385
105 22 0.7931
106 22 0.7975
107 22 0.7408
108 22 0.7655
109 22 0.7387
110 22 0.7565
111 22 0.7001
112 22 0.7723
113 22 0.7912
114 22 0.7031
115 22 0.7002
116 22 0.7253
117 22 0.7218
118 22 0.7527
119 22 0.7643
120 22 0.7026
121 22 0.7102
122 22 0.7131
123 22 0.7766
124 22 0.7948
125 22 0.7894
126 22 0.7221
127 22 0.7641
0 23 0.7423
1 23 0.7438
2 23 0.7223
3 23 0.7817
4 23 0.7890
5 23 0.7021
6 23 0.7138
7 23 0.7743
8 23 0.7504
9 23 0.7168
10 23 0.7394
11 23 0.7454
12 23 0.7241
13 23 0.7683
14 23 0.7817
15 23 0.7345
16 23 0.7287
17 23 0.7779
18 23 0.7027
19 23 0.7671
20 23 0.7118
21 23 0.7709
22 23 0.7193
23 23 0.7050
24 23 0.7339
25 23 0.7473
26 23 0.7761
27 23 0.7877
28 23 0.7296
29 23 0.7786
30 23 0.7672
31 23 0.7289
32 23 0.7509
33 23 0.7490
34 23 0.7176
35 23 0.7319
36 23 0.7843
37 23 0.7155
38 23 0.7360
39 23 0.7411
40 23 0.7541
41 23 0.7997
42 23 0.7095
43 23 0.7369
44 23 0.7083
45 23 0.7618
46 23 0.7928
47 23 0.7238
48 23 0.7071
49 23 0.7676
50 23 0.7548
51 23 0.7616
52 23 0.7586
53 23 0.7600
54 23 0.7932
55 23 0.7364
56 23 0.7692
57 23 0.7576
58 23 0.7454
59 23 0.7857
60 23 0.7175
61 23 0.7783
62 23 0.7985
63 23 0.7058
64 23 0.7804
65 23 0.7452
66 23 0.7026
67 23 0.7545
68 23 0.7173
69 23 0.7638
70 23 0.7804
71 23 0.7292
72 23 0.7652
73 23 0.7467
74 23 0.7069
75 23 0.7580
76 23 0.7348
77 23 0.7083
78 23 0.7284
79 23 0.7465
80 23 0.7942
81 23 0.7228
82 23 0.7978
83 23 0.7114
84 23 0.7075
85 23 0.7749
86 23 0.7103
87 23 0.7268
88 23 0.7056
89 23 0.7082
90 23 0.7449
91 23 0.7021
92 23 0.7740
93 23 0.7121
94 23 0.7648
95 23 0.7435
96 23 0.7592
97 23 0.7028
98 23 0.7457
99 23 0.7581
100 23 0.7551
101 23 0.7220
102 23 0.7155
103 23 0.7500
104 23 0.7381
105 23 0.7266
106 23 0.7966
107 23 0.7972
108 23 0.7693
109 23 0.7147
110 23 0.7744
111 23 0.7961
112 23 0.7200
113 23 0.7180
114 23 0.7666
115 23 0.7013
116 23 0.7030
117 23 0.7264
118 23 0.7704
119 23 0.7263
120 23 0.7432
121 23 0.7328
122 23 0.7250
123 23 0.7486
124 23 0.7236
125 23 0.7933
126 23 0.7141
127 23 0.7026
0 24 0.7635
1 24 0.7632
2 24 0.7170
3 24 0.7599
4 24 0.7254
5 24 0.7121
6 24 0.7800
7 24 0.7598
8 24 0.7959
9 24 0.7813
10 24 0.7813
11 24 0.7530
12 24 0.7728
13 24 0.7877
14 24 0.7528
15 24 0.7632
16 24 0.7048
17 24 0.7538
18 24 0.7121
19 24 0.7975
20 24 0.7584
21 24 0.7522
22 24 0.7376
23 24 0.7151
24 24 0.7827
25 24 0.7708
26 24 0.7249
27 24 0.7857
28 24 0.7398
29 24 0.7357
30 24 0.7013
31 24 0.7396
32 24 0.7561
33 24 0.7566
34 24 0.7773
35 24 0.7076
36 24 0.7033
37 24 0.7544
38 24 0.7519
39 24 0.7785
40 24 0.7724
41 24 0.7587
42 24 0.7236
43 24 0.7838
44 24 0.7372
45 24 0.7810
46 24 0.7581
47 24 0.7239
48 24 0.7605
49 24 0.7793
50 24 0.7473
51 24 0.7791
52 24 0.7206
53 24 0.7060
54 24 0.7232
55 24 0.7534
56 24 0.7365
57 24 0.7327
58 24 0.7762
59 24 0.7605
60 24 0.7959
61 24 0.7800
62 24 0.7963
63 24 0.7390
64 24 0.7569
65 24 0.7804
66 24 0.7950
67 24 0.7474
68 24 0.7360
69 24 0.7820
70 24 0.7883
71 24 0.7965
72 24 0.7028
73 24 0.7107
74 24 0.7132
75 24 0.7163
76 24 0.7121
77 24 0.7834
78 24 0.7948
79 24 0.7805
80 24 0.7248
81 24 0.7287
82 24 0.7734
83 24 0.7893
84 24 0.7261
85 24 0.7079
86 24 0.7624
87 24 0.7791
88 24 0.7903
89 24 0.7925
90 24 0.7232
91 24 0.7782
92 24 0.7463
93 24 0.7487
94 24 0.7042
95 24 0.7722
96 24 0.7656
97 24 0.7100
98 24 0.7173
99 24 0.7542
100 24 0.7558
101 24 0.7835
102 24 0.7008
103 24 0.7746
104 24 0.7662
105 24 0.7297
106 24 0.7812
107 24 0.7877
108 24 0.7990
109 24 0.7968
110 24 0.7395
111 24 0.7254
112 24 0.7167
113 24 0.7540
114 24 0.7501
115 24 0.7763
116 24 0.7389
117 24 0.7832
118 24 0.7786
119 24 0.7295
120 24 0.7192
121 24 0.7521
122 24 0.7882
123 24 0.7180
124 24 0.7092
125 24 0.7376
126 24 0.7624
127 24 0.7786
0 25 0.7337
1 25 0.7962
2 25 0.7482
3 25 0.7199
4 25 0.7239
5 25 0.7767
6 25 0.7184
7 25 0.7544
8 25 0.7665
9 25 0.7132
10 25 0.7079
11 25 0.7946
12 25 0.7566
13 25 0.7534
14 25 0.7643
15 25 0.7425
16 25 0.7678
17 25 0.7756
18 25 0.7254
19 25 0.7726
20 25 0.7584
21 25 0.7260
22 25 0.7899
23 25 0.7208
24 25 0.7430
25 25 0.7336
26 25 0.7860
27 25 0.7264
28 25 0.7172
29 25 0.7777
30 25 0.7724
31 25 0.7849
32 25 0.7862
33 25 0.7957
34 25 0.7154
35 25 0.7590
36 25 0.7007
37 25 0.7794
38 25 0.7127
39 25 0.7973
40 25 0.7861
41 25 0.7506
42 25 0.7130
43 25 0.7127
44 25 0.7005
45 25 0.7882
46 25 0.7393
47 25 0.7462
48 25 0.7206
49 25 0.7188
50 25 0.7938
51 25 0.7261
52 25 0.7353
53 25 0.7300
54 25 0.7905
55 25 0.7349
56 25 0.7503
57 25 0.7869
58 25 0.7185
59 25 0.7320
60 25 0.7145
61 25 0.7790
62 25 0.7687
63 25 0.7781
64 25 0.7117
65 25 0.7286
66 25 0.7506
67 25 0.7276
68 25 0.7103
69 25 0.7062
70 25 0.7062
71 25 0.7897
72 25 0.7842
73 25 0.7312
74 25 0.7275
75 25 0.7607
76 25 0.7911
77 25 0.7405
78 25 0.7225
79 25 0.7198
80 25 0.7366
81 25 0.7870
82 25 0.7944
83 25 0.7407
84 25 0.7809
85 25 0.7240
86 25 0.7198
87 25 0.7565
88 25 0.7019
89 25 0.7599
90 25 0.7713
91 25 0.7783
92 25 0.7690
93 25 0.7671
94 25 0.7469
95 25 0.7863
96 25 0.7626
97 25 0.7210
98 25 0.7387
99 25 0.7214
100 25 0.7493
101 25 0.7484
102 25 0.7708
103 25 0.7400
104 25 0.7285
105 25 0.7794
106 25 0.7351
107 25 0.7985
108 25 0.7757
109 25 0.7238
110 25 0.7395
111 25 0.7808
112 25 0.7248
113 25 0.7862
114 25 0.7470
115 25 0.7056
116 25 0.7854
117 25 0.7501
118 25 0.7026
119 25 0.7096
120 25 0.7279
121 25 0.7958
122 25 0.7345
123 25 0.7973
124 25 0.7952
125 25 0.7437
126 25 0.7969
127 25 0.7252
0 26 0.7758
1 26 0.7718
2 26 0.7283
3 26 0.7067
4 26 0.7932
5 26 0.7904
6 26 0.7579
7 26 0.7677
8 26 0.7165
9 26 0.7287
10 26 0.7670
11 26 0.7790
12 26 0.7776
13 26 0.7757
14 26 0.7450
15 26 0.7361
16 26 0.7142
17 26 0.7424
18 26 0.7532
19 26 0.7869
20 26 0.7130
21 26 0.7542
22 26 0.7257
23 26 0.7813
24 26 0.7039
25 26 0.7252
26 26 0.7883
27 26 0.7856
28 26 0.7008
29 26 0.7496
30 26 0.7729
31 26 0.7990
32 26 0.7668
33 26 0.7468
34 26 0.7948
35 26 0.7701
36 26 0.7345
37 26 0.7117
38 26 0.7952
39 26 0.7657
40 26 0.7248
41 26 0.7362
42 26 0.7283
43 26 0.7457
44 26 0.7700
45 26 0.7680
46 26 0.7930
47 26 0.7503
48 26 0.7569
49 26 0.7386
50 26 0.7588
51 26 0.7984
52 26 0.7587
53 26 0.7415
54 26 0.7382
55 26 0.7965
56 26 0.7080
57 26 0.7873
58 26 0.7155
59 26 0.7337
60 26 0.7400
61 26 0.7065
62 26 0.7737
63 26 0.7613
64 26 0.7326
65 26 0.7559
66 26 0.7862
67 26 0.7217
68 26 0.7069
69 26 0.7638
70 26 0.7820
71 26 0.7491
72 26 0.7026
73 26 0.7915
74 26 0.7894
75 26 0.7014
76 26 0.7664
77 26 0.7744
78 26 0.7813
79 26 0.7729
80 26 0.7153
81 26 0.7006
82 26 0.7946
83 26 0.7316
84 26 0.7012
85 26 0.7060
86 26 0.7643
87 26 0.7049
88 26 0.7487
89 26 0.7471
90 26 0.7192
91 26 0.7485
92 26 0.7443
93 26 0.7868
94 26 0.7989
95 26 0.7877
96 26 0.7047
97 26 0.7972
98 26 0.7286
99 26 0.7660
100 26 0.7964
101 26 0.7413
102 26 0.7161
103 26 0.7651
104 26 0.7962
105 26 0.7247
106 26 0.7421
107 26 0.7571
108 26 0.7103
109 26 0.7929
110 26 0.7506
111 26 0.7452
112 26 0.7290
113 26 0.7109
114 26 0.7104
115 26 0.7648
116 26 0.7965
117 26 0.7255
118 26 0.7069
119 26 0.7724
120 26 0.7287
121 26 0.7501
122 26 0.7238
123 26 0.7991
124 26 0.7998
125 26 0.7158
126 26 0.7321
127 26 0.7186
0 27 0.7733
1 27 0.7105
2 27 0.7468
3 27 0.7513
4 27 0.7840
5 27 0.7606
6 27 0.7469
7 27 0.7106
8 27 0.7771
9 27 0.7005
10 27 0.7300
11 27 0.7398
12 27 0.7413
13 27 0.7691
14 27 0.7670
15 27 0.7938
16 27 0.7548
17 27 0.7673
18 27 0.7310
19 27 0.7824
20 27 0.7727
21 27 0.7749
22 27 0.7428
23 27 0.7831
24 27 0.7150
25 27 0.7741
26 27 0.7322
27 27 0.7359
28 27 0.7608
29 27 0.7622
30 27 0.7967
31 27 0.7783
32 27 0.7321
33 27 0.7391
34 27 0.7189
35 27 0.7052
36 27 0.7137
37 27 0.7711
38 27 0.7014
39 27 0.7528
40 27 0.7939
41 27 0.7651
42 27 0.7806
43 27 0.7746
44 27 0.7664
45 27 0.7719
46 27 0.7210
47 27 0.7882
48 27 0.7102
49 27 0.7601
50 27 0.7164
51 27 0.7315
52 27 0.7210
53 27 0.7320
54 27 0.7769
55 27 0.7914
56 27 0.7048
57 27 0.7725
58 27 0.7164
59 27 0.7639
60 27 0.7742
61 27 0.7749
62 27 0.7913
63 27 0.7046
64 27 0.7291
65 27 0.7523
66 27 0.7318
67 27 0.7228
68 27 0.7683
69 27 0.7175
70 27 0.7263
71 27 0.7986
72 27 0.7287
73 27 0.7799
74 27 0.7515
75 27 0.7910
76 27 0.7174
77 27 0.7415
78 27 0.7830
79 27 0.7804
80 27 0.7558
81 27 0.7638
82 27 0.7085
83 27 0.7341
84 27 0.7560
85 27 0.7673
86 27 0.7821
87 27 0.7793
88 27 0.7115
89 27 0.7747
90 27 0.7224
91 27 0.7956
92 27 0.7440
93 27 0.7458
94 27 0.7882
95 27 0.7428
96 27 0.7594
97 27 0.7335
98 27 0.7939
99 27 0.7479
100 27 0.7409
101 27 0.7897
102 27 0.7207
103 27 0.7817
104 27 0.7897
105 27 0.7357
106 27 0.7797
107 27 0.7642
108 27 0.7185
109 27 0.7851
110 27 0.7299
111 27 0.7169
112 27 0.7940
113 27 0.7515
114 27 0.7812
115 27 0.7784
116 27 0.7665
117 27 0.7568
118 27 0.7730
119 27 0.7420
120 27 0.7117
121 27 0.7992
122 27 0.7205
123 27 0.7471
124 27 0.7471
125 27 0.7598
126 27 0.7342
127 27 0.7844
0 28 0.7064
1 28 0.7006
2 28 0.7431
3 28 0.7161
4 28 0.7245
5 28 0.7798
6 28 0.7558
7 28 0.7958
8 28 0.7985
9 28 0.7817
10 28 0.7577
11 28 0.7341
12 28 0.7601
13 28 0.7861
14 28 0.7314
15 28 0.7427
16 28 0.7920
17 28 0.7914
18 28 0.7790
19 28 0.7520
20 28 0.7199
21 28 0.7741
22 28 0.7961
23 28 0.7637
24 28 0.7105
25 28 0.7558
26 28 0.7537
27 28 0.7291
28 28 0.7061
29 28 0.7835
30 28 0.7964
31 28 0.7654
32 28 0.7426
33 28 0.7828
34 28 0.7979
35 28 0.7360
36 28 0.7371
37 28 0.7485
38 28 0.7311
39 28 0.7685
40 28 0.7162
41 28 0.7470
42 28 0.7031
43 28 0.7002
44 28 0.7855
45 28 0.7327
46 28 0.7146
47 28 0.7770
48 28 0.7060
49 28 0.7295
50 28 0.7085
51 28 0.7743
52 28 0.7993
53 28 0.7986
54 28 0.7443
55 28 0.7377
56 28 0.7337
57 28 0.7326
58 28 0.7191
59 28 0.7284
60 28 0.7039
61 28 0.7387
62 28 0.7247
63 28 0.7016
64 28 0.7968
65 28 0.7840
66 28 0.7905
67 28 0.7283
68 28 0.7257
69 28 0.7728
70 28 0.7663
71 28 0.7006
72 28 0.7719
73 28 0.7056
74 28 0.7810
75 28 0.7345
76 28 0.7631
77 28 0.7206
78 28 0.7956
79 28 0.7708
80 28 0.7181
81 28 0.7914
82 28 0.7321
83 28 0.7610
84 28 0.7687
85 28 0.7312
86 28 0.7766
87 28 0.7432
88 28 0.7316
89 28 0.7165
90 28 0.7174
91 28 0.7124
92 28 0.7465
93 28 0.7953
94 28 0.7868
95 28 0.7429
96 28 0.7931
97 28 0.7694
98 28 0.7081
99 28 0.7871
100 28 0.7856
101 28 0.7323
102 28 0.7060
103 28 0.7208
104 28 0.7828
105 28 0.7113
106 28 0.7702
107 28 0.7503
108 28 0.7969
109 28 0.7668
110 28 0.7157
111 28 0.7240
112 28 0.7590
113 28 0.7801
114 28 0.7797
115 28 0.7288
116 28 0.7973
117 28 0.7405
118 28 0.7853
119 28 0.7379
120 28 0.7656
121 28 0.7737
122 28 0.7570
123 28 0.7242
124 28 0.7944
125 28 0.7214
126 28 0.7183
127 28 0.7613
0 29 0.7890
1 29 0.7650
2 29 0.7594
3 29 0.7685
4 29 0.7073
5 29 0.7997
6 29 0.7061
7 29 0.7129
8 29 0.7763
9 29 0.7947
10 29 0.7746
11 29 0.7145
12 29 0.7125
13 29 0.7637
14 29 0.7430
15 29 0.7712
16 29 0.7556
17 29 0.7554
18 29 0.7267
19 29 0.7421
20 29 0.7954
21 29 0.7621
22 29 0.7339
23 29 0.7254
24 29 0.7279
25 29 0.7136
26 29 0.7787
27 29 0.7794
28 29 0.7816
29 29 0.7206
30 29 0.7806
31 29 0.7393
32 29 0.7098
33 29 0.7705
34 29 0.7088
35 29 0.7408
36 29 0.7506
37 29 0.7017
38 29 0.7513
39 29 0.7059
40 29 0.7901
41 29 0.7352
42 29 0.7142
43 29 0.7728
44 29 0.7734
45 29 0.7771
46 29 0.7437
47 29 0.7363
48 29 0.7905
49 29 0.7918
50 29 0.7053
51 29 0.7948
52 29 0.7814
53 29 0.7117
54 29 0.7574
55 29 0.7050
56 29 0.7394
57 29 0.7366
58 29 0.7731
59 29 0.7311
60 29 0.7541
61 29 0.7952
62 29 0.7364
63 29 0.7440
64 29 0.7155
65 29 0.7409
66 29 0.7742
67 29 0.7462
68 29 0.7820
69 29 0.7124
70 29 0.7410
71 29 0.7160
72 29 0.7248
73 29 0.7837
74 29 0.7002
75 29 0.7945
76 29 0.7285
77 29 0.7581
78 29 0.7863
79 29 0.7606
80 29 0.7593
81 29 0.7979
82 29 0.7620
83 29 0.7948
84 29 0.7273
85 29 0.7773
86 29 0.7430
87 29 0.7683
88 29 0.7882
89 29 0.7117
90 29 0.7731
91 29 0.7109
92 29 0.7300
93 29 0.7009
94 29 0.7895
95 29 0.7456
96 29 0.7506
97 29 0.7244
98 29 0.7021
99 29 0.7400
100 29 0.7196
101 29 0.7369
102 29 0.7545
103 29 0.7655
104 29 0.7999
105 29 0.7073
106 29 0.7882
107 29 0.7060
108 29 0.7869
109 29 0.7694
110 29 0.7317
111 29 0.7341
112 29 0.7227
113 29 0.7352
114 29 0.7921
115 29 0.7103
116 29 0.7418
117 29 0.7777
118 29 0.7057
119 29 0.7940
120 29 0.7513
121 29 0.7384
122 29 0.7008
123 29 0.7076
124 29 0.7970
125 29 0.7830
126 29 0.7559
127 29 0.7298
0 30 0.7693
1 30 0.7822
2 30 0.7083
3 30 0.7494
4 30 0.7651
5 30 0.7586
6 30 0.7059
7 30 0.7214
8 30 0.7097
9 30 0.7620
10 30 0.7810
11 30 0.7518
12 30 0.7268
13 30 0.7432
14 30 0.7477
15 30 0.7850
16 30 0.7922
17 30 0.7613
18 30 0.7411
19 30 0.7305
20 30 0.7901
21 30 0.7510
22 30 0.7155
23 30 0.7427
24 30 0.7891
25 30 0.7504
26 30 0.7767
27 30 0.7782
28 30 0.7397
29 30 0.7285
30 30 0.7509
31 30 0.7460
32 30 0.7514
33 30 0.7669
34 30 0.7574
35 30 0.7144
36 30 0.7467
37 30 0.7492
38 30 0.7217
39 30 0.7178
40 30 0.7995
41 30 0.7054
42 30 0.7904
43 30 0.7480
44 30 0.7117
45 30 0.7265
46 30 0.7153
47 30 0.7609
48 30 0.7888
49 30 0.7358
50 30 0.7285
51 30 0.7188
52 30 0.7038
53 30 0.7679
54 30 0.7076
55 30 0.7967
56 30 0.7050
57 30 0.7530
58 30 0.7540
59 30 0.7951
60 30 0.7544
61 30 0.7628
62 30 0.7632
63 30 0.7903
64 30 0.7585
65 30 0.7934
66 30 0.7224
67 30 0.7002
68 30 0.7621
69 30 0.7125
70 30 0.7120
71 30 0.7863
72 30 0.7692
73 30 0.7277
74 30 0.7606
75 30 0.7200
76 30 0.7977
77 30 0.7866
78 30 0.7109
79 30 0.7296
80 30 0.7333
81 30 0.7607
82 30 0.7576
83 30 0.7434
84 30 0.7507
85 30 0.7039
86 30 0.7990
87 30 0.7513
88 30 0.7506
89 30 0.7431
90 30 0.7169
91 30 0.7316
92 30 0.7115
93 30 0.7977
94 30 0.7160
95 30 0.7880
96 30 0.7588
97 30 0.7135
98 30 0.7971
99 30 0.7142
100 30 0.7914
101 30 0.7247
102 30 0.7268
103 30 0.7066
104 30 0.7751
105 30 0.7356
106 30 0.7669
107 30 0.7518
108 30 0.7568
109 30 0.7340
110 30 0.7255
111 30 0.7659
112 30 0.7544
113 30 0.7842
114 30 0.7372
115 30 0.7984
116 30 0.7592
117 30 0.7642
118 30 0.7279
119 30 0.7632
120 30 0.7399
121 30 0.7694
122 30 0.7937
123 30 0.7357
124 30 0.7160
125 30 0.7536
126 30 0.7691
127 30 0.7925
0 31 0.7054
1 31 0.7386
2 31 0.7956
3 31 0.7448
4 31 0.7836
5 31 0.7911
6 31 0.7025
7 31 0.7663
8 31 0.7186
9 31 0.7392
10 31 0.7920
11 31 0.7845
12 31 0.7712
13 31 0.7347
14 31 0.7820
15 31 0.7973
16 31 0.7295
17 31 0.7248
18 31 0.7703
19 31 0.7930
20 31 0.7501
21 31 0.7876
22 31 0.7218
23 31 0.7750
24 31 0.7987
25 31 0.7939
26 31 0.7445
27 31 0.7067
28 31 0.7121
29 31 0.7574
30 31 0.7006
31 31 0.7161
32 31 0.7315
33 31 0.7373
34 31 0.7387
35 31 0.7719
36 31 0.7808
37 31 0.7352
38 31 0.7084
39 31 0.7078
40 31 0.7836
41 31 0.7528
42 31 0.7992
43 31 0.7168
44 31 0.7769
45 31 0.7738
46 31 0.7961
47 31 0.7002
48 31 0.7624
49 31 0.7907
50 31 0.7618
51 31 0.7111
52 31 0.7177
53 31 0.7638
54 31 0.7796
55 31 0.7800
56 31 0.7425
57 31 0.7886
58 31 0.7728
59 31 0.7639
60 31 0.7470
61 31 0.7121
62 31 0.7850
63 31 0.7964
64 31 0.7619
65 31 0.7047
66 31 0.7401
67 31 0.7538
68 31 0.7132
69 31 0.7310
70 31 0.7642
71 31 0.7925
72 31 0.7409
73 31 0.7397
74 31 0.7149
75 31 0.7763
76 31 0.7874
77 31 0.7280
78 31 0.7040
79 31 0.7095
80 31 0.7499
81 31 0.7834
82 31 0.7627
83 31 0.7852
84 31 0.7580
85 31 0.7696
86 31 0.7527
87 31 0.7377
88 31 0.7980
89 31 0.7851
90 31 0.7865
91 31 0.7326
92 31 0.7934
93 31 0.7249
94 31 0.7587
95 31 0.7093
96 31 0.7172
97 31 0.7198
98 31 0.7845
99 31 0.7344
100 31 0.7209
101 31 0.7816
102 31 0.7101
103 31 0.7515
104 31 0.7633
105 31 0.7121
106 31 0.7760
107 31 0.7660
108 31 0.7145
109 31 0.7256
110 31 0.7752
111 31 0.7822
112 31 0.7558
113 31 0.7202
114 31 0.7462
115 31 0.7858
116 31 0.7992
117 31 0.7981
118 31 0.7737
119 31 0.7016
120 31 0.7013
121 31 0.7560
122 31 0.7372
123 31 0.7542
124 31 0.7202
125 31 0.7774
126 31 0.7547
127 31 0.7412
