0 0 8.76578
0 1 8.8642
0 2 9.00973
0 3 9.14611
0 4 9.27317
0 5 9.39216
0 6 9.50261
0 7 9.60271
0 8 9.69033
0 9 9.76332
0 10 9.81951
0 11 9.85674
0 12 9.87283
0 13 9.86559
0 14 9.83284
0 15 9.77239
0 16 9.68211
0 17 9.55993
0 18 9.40394
0 19 9.2124
0 20 8.98385
0 21 8.7171
0 22 8.41121
0 23 8.06532
0 24 7.67837
0 25 7.2486
0 26 6.7727
0 27 6.24434
0 28 5.65124
0 29 4.96817
0 30 4.1356
0 31 2.96256
1 0 13.1716
1 1 13.4303
1 2 13.6949
1 3 13.9576
1 4 14.1763
1 5 14.3756
1 6 14.5589
1 7 14.7246
1 8 14.87
1 9 14.9921
1 10 15.0876
1 11 15.1533
1 12 15.1858
1 13 15.1817
1 14 15.1374
1 15 15.0495
1 16 14.9145
1 17 14.729
1 18 14.4897
1 19 14.1939
1 20 13.8389
1 21 13.4227
1 22 12.9437
1 23 12.4003
1 24 11.7909
1 25 11.1124
1 26 10.3591
1 27 9.52023
1 28 8.57441
1 29 7.47793
1 30 6.12902
1 31 4.19654
2 0 16.5672
2 1 16.8876
2 2 17.3047
2 3 17.6977
2 4 18.0299
2 5 18.3186
2 6 18.5788
2 7 18.812
2 8 19.0165
2 9 19.1894
2 10 19.3268
2 11 19.4247
2 12 19.4788
2 13 19.4847
2 14 19.4378
2 15 19.3334
2 16 19.1668
2 17 18.9332
2 18 18.6283
2 19 18.2477
2 20 17.7879
2 21 17.2458
2 22 16.6191
2 23 15.9057
2 24 15.1033
2 25 14.2077
2 26 13.2111
2 27 12.0981
2 28 10.8387
2 29 9.37121
2 30 7.5218
2 31 5.0529
3 0 19.4158
3 1 19.8278
3 2 20.3255
3 3 20.8537
3 4 21.3467
3 5 21.7527
3 6 22.1071
3 7 22.4196
3 8 22.6929
3 9 22.9248
3 10 23.1118
3 11 23.2494
3 12 23.3327
3 13 23.3564
3 14 23.3149
3 15 23.2025
3 16 23.0131
3 17 22.7405
3 18 22.3789
3 19 21.9224
3 20 21.366
3 21 20.7055
3 22 19.9378
3 23 19.0603
3 24 18.07
3 25 16.9617
3 26 15.725
3 27 14.3394
3 28 12.7632
3 29 10.8686
3 30 8.64241
3 31 5.74319
4 0 21.9189
4 1 22.3597
4 2 22.9533
4 3 23.618
4 4 24.2445
4 5 24.845
4 6 25.3248
4 7 25.737
4 8 26.0953
4 9 26.4002
4 10 26.6489
4 11 26.8371
4 12 26.9598
4 13 27.0109
4 14 26.984
4 15 26.8723
4 16 26.6682
4 17 26.3643
4 18 25.9524
4 19 25.4251
4 20 24.7754
4 21 23.9974
4 22 23.0869
4 23 22.0407
4 24 20.8551
4 25 19.5235
4 26 18.0316
4 27 16.3491
4 28 14.3612
4 29 12.1493
4 30 9.60242
4 31 6.33817
5 0 24.1883
5 1 24.6803
5 2 25.3313
5 3 26.0715
5 4 26.8437
5 5 27.6041
5 6 28.2849
5 7 28.8285
5 8 29.3005
5 9 29.6998
5 10 30.0277
5 11 30.2819
5 12 30.4576
5 13 30.5486
5 14 30.5476
5 15 30.4469
5 16 30.2376
5 17 29.9101
5 18 29.4543
5 19 28.86
5 20 28.1173
5 21 27.2182
5 22 26.1566
5 23 24.9283
5 24 23.5286
5 25 21.9474
5 26 20.161
5 27 18.0525
5 28 15.7701
5 29 13.2835
5 30 10.4551
5 31 6.86982
6 0 26.2969
6 1 26.8316
6 2 27.5038
6 3 28.2963
6 4 29.2043
6 5 30.1049
6 6 30.91
6 7 31.6606
6 8 32.3124
6 9 32.843
6 10 33.2768
6 11 33.6189
6 12 33.8674
6 13 34.015
6 14 34.0549
6 15 33.9786
6 16 33.7756
6 17 33.4344
6 18 32.9421
6 19 32.2845
6 20 31.4478
6 21 30.4198
6 22 29.1916
6 23 27.7568
6 24 26.1074
6 25 24.2233
6 26 21.9762
6 27 19.5778
6 28 17.0412
6 29 14.3107
6 30 11.23
6 31 7.35551
7 0 28.2505
7 1 28.8013
7 2 29.5125
7 3 30.3821
7 4 31.3327
7 5 32.3304
7 6 33.2707
7 7 34.1512
7 8 35.014
7 9 35.7843
7 10 36.3637
7 11 36.8299
7 12 37.1849
7 13 37.4134
7 14 37.5158
7 15 37.4828
7 16 37.3019
7 17 36.9605
7 18 36.4421
7 19 35.7266
7 20 34.7938
7 21 33.6245
7 22 32.2035
7 23 30.5193
7 24 28.5524
7 25 26.155
7 26 23.6116
7 27 20.9672
7 28 18.2059
7 29 15.2556
7 30 11.9455
7 31 7.80601
8 0 30.0977
8 1 30.6169
8 2 31.3715
8 3 32.3306
8 4 33.3349
8 5 34.3787
8 6 35.4272
8 7 36.4191
8 8 37.4104
8 9 38.3071
8 10 39.0978
8 11 39.7748
8 12 40.3413
8 13 40.6884
8 14 40.8911
8 15 40.933
8 16 40.7973
8 17 40.4764
8 18 39.9489
8 19 39.185
8 20 38.1546
8 21 36.8247
8 22 35.1654
8 23 33.1494
8 24 30.6002
8 25 27.8936
8 26 25.1059
8 27 22.2478
8 28 19.2858
8 29 16.1355
8 30 12.6145
8 31 8.22887
9 0 31.8098
9 1 32.3257
9 2 33.1104
9 3 34.0925
9 4 35.1604
9 5 36.2343
9 6 37.378
9 7 38.4899
9 8 39.5579
9 9 40.6044
9 10 41.5318
9 11 42.3331
9 12 43.0517
9 13 43.6162
9 14 44.0408
9 15 44.2264
9 16 44.1724
9 17 43.9125
9 18 43.4097
9 19 42.6147
9 20 41.4893
9 21 39.9691
9 22 37.9819
9 23 35.3023
9 24 32.4282
9 25 29.4767
9 26 26.484
9 27 23.4395
9 28 20.2973
9 29 16.9643
9 30 13.2473
9 31 8.6302
10 0 33.4094
10 1 33.9441
10 2 34.8146
10 3 35.7613
10 4 36.8868
10 5 38.0641
10 6 39.1918
10 7 40.3801
10 8 41.5123
10 9 42.6556
10 10 43.6787
10 11 44.602
10 12 45.3941
10 13 46.1043
10 14 46.6547
10 15 46.9828
10 16 47.1028
10 17 47.0644
10 18 46.6717
10 19 45.8776
10 20 44.677
10 21 42.9234
10 22 40.2064
10 23 37.1939
10 24 34.0751
10 25 30.9278
10 26 27.765
10 27 24.5595
10 28 21.2555
10 29 17.7547
10 30 13.854
10 31 9.01587
11 0 34.9286
11 1 35.4868
11 2 36.3601
11 3 37.345
11 4 38.5138
11 5 39.6815
11 6 40.9185
11 7 42.1006
11 8 43.3332
11 9 44.5159
11 10 45.5589
11 11 46.625
11 12 47.5275
11 13 48.2835
11 14 48.8889
11 15 49.2933
11 16 49.5417
11 17 49.5029
11 18 49.1709
11 19 48.4676
11 20 47.3098
11 21 45.1168
11 22 42.1149
11 23 38.8675
11 24 35.5608
11 25 32.262
11 26 28.9669
11 27 25.6268
11 28 22.1757
11 29 18.5221
11 30 14.4477
11 31 9.39269
12 0 36.3918
12 1 36.994
12 2 37.8007
12 3 38.8782
12 4 40.0448
12 5 41.2634
12 6 42.4694
12 7 43.774
12 8 45.0098
12 9 46.1884
12 10 47.3218
12 11 48.4276
12 12 49.3924
12 13 50.2076
12 14 50.8674
12 15 51.3547
12 16 51.5635
12 17 51.4761
12 18 51.155
12 19 50.4399
12 20 49.252
12 21 46.9484
12 22 43.7755
12 23 40.3385
12 24 36.8858
12 25 33.4846
12 26 30.1128
12 27 26.6723
12 28 23.0733
12 29 19.2909
12 30 15.0525
12 31 9.76971
13 0 37.7441
13 1 38.3623
13 2 39.2299
13 3 40.2795
13 4 41.4469
13 5 42.7178
13 6 43.9483
13 7 45.2935
13 8 46.5813
13 9 47.7863
13 10 48.9697
13 11 50.1042
13 12 51.1033
13 13 51.9819
13 14 52.6793
13 15 53.1637
13 16 53.364
13 17 53.2117
13 18 52.7359
13 19 51.8541
13 20 50.8333
13 21 48.5315
13 22 45.2459
13 23 41.5604
13 24 38.0016
13 25 34.5669
13 26 31.2451
13 27 27.7909
13 28 23.9396
13 29 20.1294
13 30 15.7386
13 31 10.1563
14 0 39.0236
14 1 39.6296
14 2 40.5162
14 3 41.631
14 4 42.7959
14 5 44.0693
14 6 45.3585
14 7 46.6865
14 8 47.9834
14 9 49.28
14 10 50.517
14 11 51.6259
14 12 52.6487
14 13 53.561
14 14 54.2595
14 15 54.7501
14 16 54.9344
14 17 54.4365
14 18 54.0143
14 19 52.0132
14 20 52.1801
14 21 49.9444
14 22 46.656
14 23 41.9581
14 24 38.4846
14 25 35.1482
14 26 32.4742
14 27 29.6954
14 28 24.4714
14 29 21.5222
14 30 16.9405
14 31 10.5332
15 0 40.2796
15 1 40.8796
15 2 41.7709
15 3 42.889
15 4 44.0877
15 5 45.3848
15 6 46.68
15 7 48.017
15 8 49.3465
15 9 50.6659
15 10 51.9204
15 11 53.0868
15 12 54.1268
15 13 55.0435
15 14 55.7316
15 15 56.2255
15 16 56.3387
15 17 56.0052
15 18 54.5641
15 19 53.2797
15 20 53.3966
15 21 51.1978
15 22 48.6702
15 23 44.1398
15 24 40.7008
15 25 36.9933
15 26 34.6639
15 27 29.2243
15 28 25.5012
15 29 21.4875
15 30 17.3562
15 31 10.8217
16 0 41.4842
16 1 42.0745
16 2 42.9667
16 3 44.1058
16 4 45.2716
16 5 46.5683
16 6 47.946
16 7 49.2891
16 8 50.6165
16 9 51.9713
16 10 53.2313
16 11 54.3874
16 12 55.5009
16 13 56.3933
16 14 57.08
16 15 57.5294
16 16 57.6205
16 17 57.1406
16 18 55.9588
16 19 55.8015
16 20 54.5357
16 21 52.2601
16 22 47.8308
16 23 45.3152
16 24 43.6473
16 25 38.1825
16 26 34.3693
16 27 30.2737
16 28 26.3354
16 29 22.0375
16 30 16.8887
16 31 11.0351
17 0 42.6086
17 1 43.2396
17 2 44.1203
17 3 45.2154
17 4 46.4747
17 5 47.7887
17 6 49.1424
17 7 50.4731
17 8 51.864
17 9 53.213
17 10 54.4508
17 11 55.6566
17 12 56.7485
17 13 57.6632
17 14 58.3151
17 15 58.825
17 16 58.9253
17 17 58.739
17 18 58.0719
17 19 57.1683
17 20 54.3079
17 21 53.4013
17 22 49.9005
17 23 45.5083
17 24 43.0601
17 25 39.1328
17 26 35.0732
17 27 31.0432
17 28 27.8235
17 29 23.2471
17 30 17.4654
17 31 11.2796
18 0 43.7127
18 1 44.3405
18 2 45.2244
18 3 46.3488
18 4 47.5738
18 5 48.8495
18 6 50.2399
18 7 51.6214
18 8 53.0235
18 9 54.346
18 10 55.6479
18 11 56.8342
18 12 57.8797
18 13 58.7946
18 14 59.4908
18 15 59.9669
18 16 60.1703
18 17 59.9304
18 18 59.3215
18 19 58.2244
18 20 56.8899
18 21 54.9706
18 22 51.1674
18 23 47.462
18 24 44.015
18 25 40.2995
18 26 35.8781
18 27 31.7118
18 28 27.5594
18 29 23.0252
18 30 17.9156
18 31 11.5609
19 0 44.8046
19 1 45.3899
19 2 46.2479
19 3 47.4019
19 4 48.6231
19 5 49.9442
19 6 51.3266
19 7 52.7225
19 8 54.1107
19 9 55.438
19 10 56.7153
19 11 57.8993
19 12 58.9785
19 13 59.9231
19 14 60.5823
19 15 61.0936
19 16 61.2375
19 17 60.9673
19 18 60.2235
19 19 58.1983
19 20 58.0473
19 21 55.6771
19 22 52.2333
19 23 48.6583
19 24 45.3759
19 25 43.0262
19 26 36.294
19 27 32.4554
19 28 27.9813
19 29 23.363
19 30 18.8436
19 31 11.8937
20 0 45.7913
20 1 46.4168
20 2 47.2948
20 3 48.3838
20 4 49.5919
20 5 50.9293
20 6 52.3124
20 7 53.7367
20 8 55.102
20 9 56.4508
20 10 57.7364
20 11 58.9588
20 12 60.0367
20 13 60.9333
20 14 61.6319
20 15 62.1357
20 16 62.2316
20 17 61.8448
20 18 60.3661
20 19 60.1901
20 20 59.0587
20 21 56.5881
20 22 53.167
20 23 49.6404
20 24 47.9851
20 25 44.2033
20 26 37.1464
20 27 34.0528
20 28 28.4911
20 29 23.7339
20 30 18.6942
20 31 12.5744
21 0 46.7334
21 1 47.344
21 2 48.2157
21 3 49.348
21 4 50.5401
21 5 51.9109
21 6 53.2652
21 7 54.6776
21 8 56.1065
21 9 57.414
21 10 58.7046
21 11 59.9048
21 12 61.038
21 13 61.9174
21 14 62.6369
21 15 63.0828
21 16 63.1335
21 17 62.4908
21 18 61.2448
21 19 61.1013
21 20 59.9301
21 21 57.4378
21 22 54.0499
21 23 50.2499
21 24 46.9627
21 25 44.9015
21 26 38.3005
21 27 33.5703
21 28 28.9584
21 29 24.0841
21 30 19.4986
21 31 12.2618
22 0 47.6296
22 1 48.2076
22 2 49.1013
22 3 50.2519
22 4 51.458
22 5 52.8551
22 6 54.2041
22 7 55.6269
22 8 57.013
22 9 58.3343
22 10 59.6387
22 11 60.8678
22 12 61.9199
22 13 62.8598
22 14 63.5255
22 15 63.9524
22 16 64.046
22 17 63.6329
22 18 62.8961
22 19 60.8415
22 20 60.6515
22 21 58.1847
22 22 55.4948
22 23 50.1351
22 24 46.6379
22 25 45.4327
22 26 38.8576
22 27 33.4503
22 28 30.027
22 29 24.1207
22 30 19.6899
22 31 12.1059
23 0 48.5553
23 1 49.1301
23 2 50.0136
23 3 51.1105
23 4 52.356
23 5 53.687
23 6 55.0714
23 7 56.5011
23 8 57.8575
23 9 59.2361
23 10 60.5258
23 11 61.7113
23 12 62.7621
23 13 63.6902
23 14 64.3726
23 15 64.7107
23 16 64.8518
23 17 64.4851
23 18 63.7313
23 19 62.7317
23 20 61.3901
23 21 58.8075
23 22 54.2499
23 23 52.8842
23 24 47.963
23 25 45.9541
23 26 39.3541
23 27 33.7554
23 28 29.1964
23 29 24.613
23 30 19.3396
23 31 12.2085
24 0 49.3507
24 1 49.9614
24 2 50.8225
24 3 51.9338
24 4 53.1756
24 5 54.5147
24 6 55.9022
24 7 57.3195
24 8 58.7251
24 9 60.0847
24 10 61.362
24 11 62.519
24 12 63.5981
24 13 64.4607
24 14 65.1311
24 15 65.5072
24 16 65.6034
24 17 65.2247
24 18 63.7423
24 19 63.4565
24 20 62.0141
24 21 59.7383
24 22 55.8068
24 23 52.483
24 24 48.4835
24 25 46.2791
24 26 39.9762
24 27 34.2564
24 28 29.7833
24 29 24.9131
24 30 20.0459
24 31 12.5806
25 0 50.1306
25 1 50.729
25 2 51.5782
25 3 52.6688
25 4 53.9314
25 5 55.3084
25 6 56.6813
25 7 58.1196
25 8 59.512
25 9 60.8725
25 10 62.1032
25 11 63.2305
25 12 64.3098
25 13 65.1612
25 14 65.8614
25 15 66.2506
25 16 66.2994
25 17 65.9464
25 18 65.0661
25 19 63.8481
25 20 62.3334
25 21 59.7659
25 22 56.3555
25 23 54.1461
25 24 48.3914
25 25 45.2566
25 26 41.7336
25 27 35.1985
25 28 30.1852
25 29 25.1743
25 30 19.6908
25 31 12.7325
26 0 50.8773
26 1 51.4088
26 2 52.3365
26 3 53.4286
26 4 54.6488
26 5 56.0252
26 6 57.3965
26 7 58.8533
26 8 60.2328
26 9 61.5726
26 10 62.8652
26 11 64.0337
26 12 65.036
26 13 65.8729
26 14 66.5379
26 15 66.8974
26 16 66.9335
26 17 66.5997
26 18 65.6799
26 19 63.1142
26 20 62.3628
26 21 59.8531
26 22 56.5312
26 23 53.1597
26 24 51.0479
26 25 46.9114
26 26 42.0403
26 27 35.5353
26 28 30.5171
26 29 25.4496
26 30 19.858
26 31 12.8888
27 0 51.5534
27 1 52.1416
27 2 53.0418
27 3 54.1272
27 4 55.3411
27 5 56.6875
27 6 58.0843
27 7 59.5086
27 8 60.9009
27 9 62.2674
27 10 63.5399
27 11 64.7154
27 12 65.6614
27 13 66.4917
27 14 67.1439
27 15 67.516
27 16 67.4959
27 17 67.0958
27 18 66.1985
27 19 64.4772
27 20 60.8574
27 21 59.6144
27 22 56.4929
27 23 52.9848
27 24 49.7236
27 25 45.4531
27 26 40.7681
27 27 35.3248
27 28 30.8229
27 29 25.7784
27 30 20.1914
27 31 13.134
28 0 52.21
28 1 52.8185
28 2 53.7045
28 3 54.7546
28 4 55.9854
28 5 57.3561
28 6 58.7173
28 7 60.1552
28 8 61.5671
28 9 62.9298
28 10 64.2018
28 11 65.3317
28 12 66.3272
28 13 67.1365
28 14 67.7013
28 15 68.0575
28 16 68.0167
28 17 67.2911
28 18 66.674
28 19 64.9692
28 20 60.8396
28 21 58.0719
28 22 56.276
28 23 52.0991
28 24 51.1003
28 25 45.3385
28 26 40.7362
28 27 35.9826
28 28 31.2054
28 29 26.2058
28 30 21.0395
28 31 13.7939
29 0 52.8742
29 1 53.4386
29 2 54.3249
29 3 55.3874
29 4 56.6629
29 5 58.0094
29 6 59.3835
29 7 60.7775
29 8 62.145
29 9 63.5015
29 10 64.8017
29 11 65.9688
29 12 66.9572
29 13 67.7675
29 14 68.2889
29 15 68.6006
29 16 68.5357
29 17 67.7537
29 18 67.005
29 19 65.4294
29 20 61.3932
29 21 58.1572
29 22 55.3625
29 23 52.877
29 24 48.8201
29 25 45.5335
29 26 40.9942
29 27 36.4913
29 28 31.7075
29 29 27.1745
29 30 20.6913
29 31 13.4722
30 0 53.4785
30 1 54.0027
30 2 54.9298
30 3 55.9955
30 4 57.2305
30 5 58.587
30 6 59.9669
30 7 61.3774
30 8 62.7515
30 9 64.0849
30 10 65.3597
30 11 66.5076
30 12 67.4933
30 13 68.3104
30 14 68.8549
30 15 69.1844
30 16 69.0988
30 17 68.5182
30 18 66.7126
30 19 66.0299
30 20 63.6179
30 21 58.823
30 22 56.9569
30 23 52.4482
30 24 49.5524
30 25 47.1188
30 26 41.2998
30 27 37.824
30 28 32.8119
30 29 26.7989
30 30 20.7286
30 31 13.9001
31 0 54.0568
31 1 54.5781
31 2 55.4694
31 3 56.5562
31 4 57.8174
31 5 59.1358
31 6 60.5183
31 7 61.9015
31 8 63.2961
31 9 64.6111
31 10 65.876
31 11 67.0117
31 12 68.0124
31 13 68.8482
31 14 69.4374
31 15 69.7205
31 16 69.6043
31 17 69.031
31 18 67.2212
31 19 66.6355
31 20 64.5256
31 21 59.7208
31 22 58.4898
31 23 53.8204
31 24 49.8767
31 25 45.2462
31 26 41.3627
31 27 37.1559
31 28 31.9501
31 29 27.4476
31 30 20.7512
31 31 13.2168
32 0 54.5477
32 1 55.1638
32 2 56.044
32 3 57.1371
32 4 58.3303
32 5 59.6759
32 6 61.0147
32 7 62.4357
32 8 63.813
32 9 65.1556
32 10 66.3992
32 11 67.5332
32 12 68.5216
32 13 69.313
32 14 69.9258
32 15 70.1941
32 16 70.0637
32 17 69.5531
32 18 68.5462
32 19 67.1531
32 20 65.2161
32 21 61.7285
32 22 57.2762
32 23 54.3795
32 24 50.2729
32 25 45.9054
32 26 41.0973
32 27 38.2068
32 28 33.0942
32 29 26.5333
32 30 20.7437
32 31 13.1801
33 0 55.0729
33 1 55.6987
33 2 56.5677
33 3 57.6382
33 4 58.8579
33 5 60.1637
33 6 61.52
33 7 62.9263
33 8 64.2843
33 9 65.617
33 10 66.8722
33 11 68.0104
33 12 68.986
33 13 69.7621
33 14 70.3437
33 15 70.6248
33 16 70.5235
33 17 69.7078
33 18 69.0392
33 19 66.5543
33 20 65.7256
33 21 61.2557
33 22 59.5422
33 23 54.936
33 24 50.7652
33 25 46.3647
33 26 41.858
33 27 37.384
33 28 32.3756
33 29 26.4718
33 30 20.8173
33 31 13.3461
34 0 55.5768
34 1 56.1987
34 2 57.0393
34 3 58.1251
34 4 59.2946
34 5 60.633
34 6 62.0129
34 7 63.3509
34 8 64.7367
34 9 66.0762
34 10 67.29
34 11 68.4752
34 12 69.4227
34 13 70.1869
34 14 70.7904
34 15 71.0803
34 16 70.8869
34 17 70.1191
34 18 69.6028
34 19 68.1667
34 20 66.3821
34 21 63.6291
34 22 58.484
34 23 55.4419
34 24 51.4667
34 25 46.9095
34 26 42.4017
34 27 37.4831
34 28 32.5143
34 29 26.6292
34 30 20.9543
34 31 14.2084
35 0 56.0856
35 1 56.645
35 2 57.5126
35 3 58.5689
35 4 59.7673
35 5 61.0613
35 6 62.4236
35 7 63.7799
35 8 65.1484
35 9 66.5276
35 10 67.7509
35 11 68.8677
35 12 69.8302
35 13 70.631
35 14 71.1885
35 15 71.479
35 16 71.3464
35 17 70.5362
35 18 69.9981
35 19 68.6798
35 20 66.691
35 21 64.3366
35 22 60.8606
35 23 55.876
35 24 53.5476
35 25 47.4958
35 26 43.9929
35 27 37.427
35 28 33.542
35 29 27.1616
35 30 20.8537
35 31 14.3168
36 0 56.5485
36 1 57.0751
36 2 57.9535
36 3 59.0277
36 4 60.2372
36 5 61.5269
36 6 62.8366
36 7 64.2049
36 8 65.5988
36 9 66.895
36 10 68.1388
36 11 69.3092
36 12 70.2367
36 13 71.0275
36 14 71.5486
36 15 71.8519
36 16 71.7158
36 17 70.9661
36 18 70.3889
36 19 68.8064
36 20 65.5087
36 21 64.5676
36 22 60.3745
36 23 55.2576
36 24 52.3384
36 25 48.0249
36 26 43.1922
36 27 38.1499
36 28 33.0167
36 29 27.4615
36 30 20.9915
36 31 13.8646
37 0 56.9737
37 1 57.5043
37 2 58.3901
37 3 59.3965
37 4 60.6037
37 5 61.8928
37 6 63.2809
37 7 64.6378
37 8 65.9664
37 9 67.2881
37 10 68.5495
37 11 69.6921
37 12 70.6593
37 13 71.4086
37 14 71.9736
37 15 72.2346
37 16 72.1685
37 17 71.6811
37 18 70.7256
37 19 68.0252
37 20 67.1332
37 21 64.427
37 22 60.396
37 23 56.2763
37 24 52.7697
37 25 50.0058
37 26 43.3658
37 27 39.3417
37 28 33.1769
37 29 28.3248
37 30 21.391
37 31 13.8935
38 0 57.375
38 1 57.9126
38 2 58.7772
38 3 59.8361
38 4 60.9858
38 5 62.2952
38 6 63.6897
38 7 65.0376
38 8 66.3702
38 9 67.7067
38 10 68.9058
38 11 70.0652
38 12 71.0282
38 13 71.7522
38 14 72.3334
38 15 72.5864
38 16 72.5287
38 17 72.0724
38 18 71.1287
38 19 69.4519
38 20 67.4123
38 21 64.7332
38 22 59.6362
38 23 55.8338
38 24 54.6282
38 25 50.252
38 26 42.9657
38 27 38.4794
38 28 33.2699
38 29 27.8786
38 30 21.3254
38 31 14.0368
39 0 57.7394
39 1 58.3131
39 2 59.1702
39 3 60.211
39 4 61.4059
39 5 62.6598
39 6 64.0239
39 7 65.3922
39 8 66.706
39 9 68.0419
39 10 69.2299
39 11 70.4003
39 12 71.3134
39 13 72.1309
39 14 72.6599
39 15 72.9304
39 16 72.8793
39 17 72.3886
39 18 71.4169
39 19 69.8186
39 20 66.1615
39 21 63.3452
39 22 61.9537
39 23 57.0931
39 24 52.6551
39 25 48.7029
39 26 43.1481
39 27 38.5431
39 28 33.3818
39 29 28.5684
39 30 21.7131
39 31 14.6095
40 0 58.0777
40 1 58.6152
40 2 59.5177
40 3 60.565
40 4 61.7166
40 5 63.0253
40 6 64.3574
40 7 65.6943
40 8 67.0669
40 9 68.3679
40 10 69.5942
40 11 70.7073
40 12 71.6416
40 13 72.4027
40 14 72.9667
40 15 73.2399
40 16 73.1598
40 17 72.5895
40 18 71.5927
40 19 69.9013
40 20 67.8998
40 21 65.0663
40 22 62.4115
40 23 57.5505
40 24 55.171
40 25 48.7395
40 26 44.9865
40 27 38.8821
40 28 33.5037
40 29 27.7433
40 30 21.8223
40 31 14.2273
41 0 58.3872
41 1 58.9729
41 2 59.8133
41 3 60.8738
41 4 62.0629
41 5 63.3406
41 6 64.6761
41 7 66.0092
41 8 67.4189
41 9 68.714
41 10 69.9201
41 11 70.9842
41 12 71.9551
41 13 72.7092
41 14 73.2808
41 15 73.4994
41 16 73.4157
41 17 72.8504
41 18 71.6192
41 19 68.7503
41 20 68.1952
41 21 65.7673
41 22 61.6829
41 23 57.5581
41 24 55.2173
41 25 48.7272
41 26 43.6417
41 27 39.9876
41 28 33.6473
41 29 28.1799
41 30 22.0303
41 31 14.2623
42 0 58.7144
42 1 59.2613
42 2 60.0994
42 3 61.1686
42 4 62.3544
42 5 63.6297
42 6 64.9892
42 7 66.3454
42 8 67.7154
42 9 68.9724
42 10 70.1824
42 11 71.2703
42 12 72.2236
42 13 72.9946
42 14 73.536
42 15 73.7304
42 16 73.6308
42 17 72.9895
42 18 71.7351
42 19 68.6903
42 20 68.2698
42 21 65.6586
42 22 61.4663
42 23 57.1759
42 24 53.0704
42 25 48.5606
42 26 45.179
42 27 39.1057
42 28 33.4349
42 29 29.0573
42 30 22.7704
42 31 14.3585
43 0 59.0462
43 1 59.5928
43 2 60.3963
43 3 61.4946
43 4 62.6422
43 5 63.9466
43 6 65.2598
43 7 66.6327
43 8 67.9953
43 9 69.2984
43 10 70.4718
43 11 71.566
43 12 72.478
43 13 73.2841
43 14 73.7721
43 15 73.9809
43 16 73.8473
43 17 73.1627
43 18 71.8601
43 19 68.7976
43 20 68.198
43 21 63.8156
43 22 61.2656
43 23 56.0429
43 24 51.8911
43 25 48.3369
43 26 43.9778
43 27 39.0452
43 28 33.8693
43 29 28.617
43 30 22.3874
43 31 14.4198
44 0 59.3388
44 1 59.8602
44 2 60.6804
44 3 61.7607
44 4 62.9325
44 5 64.2154
44 6 65.5367
44 7 66.9034
44 8 68.2825
44 9 69.5706
44 10 70.723
44 11 71.828
44 12 72.7268
44 13 73.4932
44 14 74.0026
44 15 74.2205
44 16 74.0526
44 17 73.37
44 18 72.0156
44 19 69.0875
44 20 68.0763
44 21 64.9567
44 22 61.3513
44 23 56.7462
44 24 52.4667
44 25 48.2654
44 26 43.8816
44 27 39.2713
44 28 34.071
44 29 29.3329
44 30 22.9581
44 31 14.4715
45 0 59.6114
45 1 60.1583
45 2 60.9921
45 3 62.0075
45 4 63.2144
45 5 64.4859
45 6 65.8282
45 7 67.1458
45 8 68.4991
45 9 69.7902
45 10 70.9769
45 11 72.0871
45 12 72.96
45 13 73.7185
45 14 74.2234
45 15 74.3847
45 16 74.2275
45 17 73.5607
45 18 71.6229
45 19 70.5221
45 20 66.9298
45 21 63.8385
45 22 62.1441
45 23 55.8754
45 24 52.4136
45 25 48.2725
45 26 44.0025
45 27 40.5647
45 28 34.0729
45 29 28.7309
45 30 22.3928
45 31 14.4786
46 0 59.837
46 1 60.376
46 2 61.1935
46 3 62.2627
46 4 63.4714
46 5 64.6918
46 6 66.0677
46 7 67.4112
46 8 68.724
46 9 69.9846
46 10 71.1798
46 11 72.3068
46 12 73.1864
46 13 73.9378
46 14 74.4251
46 15 74.5458
46 16 74.3436
46 17 73.8345
46 18 72.6623
46 19 71.0976
46 20 68.7338
46 21 65.3979
46 22 61.3067
46 23 55.8463
46 24 51.7582
46 25 48.3126
46 26 44.0839
46 27 40.7695
46 28 35.5002
46 29 28.6456
46 30 22.2205
46 31 14.5085
47 0 60.0468
47 1 60.5998
47 2 61.4495
47 3 62.5026
47 4 63.6769
47 5 64.9412
47 6 66.275
47 7 67.6307
47 8 68.9757
47 9 70.1994
47 10 71.4179
47 11 72.4991
47 12 73.383
47 13 74.1143
47 14 74.6361
47 15 74.7432
47 16 74.6337
47 17 74.0786
47 18 73.0256
47 19 71.3886
47 20 69.0211
47 21 65.7342
47 22 60.2316
47 23 56.8358
47 24 52.5912
47 25 48.4414
47 26 44.0541
47 27 39.7538
47 28 35.6616
47 29 29.8226
47 30 23.1378
47 31 14.5791
48 0 60.2967
48 1 60.8576
48 2 61.6458
48 3 62.7402
48 4 63.9286
48 5 65.1885
48 6 66.5046
48 7 67.8084
48 8 69.1548
48 9 70.4318
48 10 71.624
48 11 72.7078
48 12 73.6264
48 13 74.3282
48 14 74.8181
48 15 74.996
48 16 74.7635
48 17 74.1867
48 18 73.0902
48 19 71.532
48 20 67.8496
48 21 66.0329
48 22 60.6633
48 23 56.4487
48 24 52.3037
48 25 48.6468
48 26 43.6951
48 27 39.7643
48 28 34.8852
48 29 29.801
48 30 22.6331
48 31 14.6021
49 0 60.5151
49 1 61.0106
49 2 61.8619
49 3 62.947
49 4 64.0957
49 5 65.3957
49 6 66.6849
49 7 68.0177
49 8 69.3589
49 9 70.5845
49 10 71.7893
49 11 72.8742
49 12 73.786
49 13 74.4886
49 14 74.9652
49 15 75.1267
49 16 74.9403
49 17 74.2908
49 18 72.3982
49 19 71.4963
49 20 69.509
49 21 66.5301
49 22 63.251
49 23 57.9825
49 24 53.7024
49 25 49.0327
49 26 44.4023
49 27 40.8619
49 28 35.5557
49 29 28.6717
49 30 22.502
49 31 14.6641
50 0 60.6742
50 1 61.1854
50 2 62.0329
50 3 63.1212
50 4 64.3016
50 5 65.5894
50 6 66.9133
50 7 68.2356
50 8 69.5276
50 9 70.7849
50 10 71.9802
50 11 73.0294
50 12 73.9721
50 13 74.666
50 14 75.1292
50 15 75.2991
50 16 75.1277
50 17 74.4315
50 18 73.1177
50 19 70.5783
50 20 69.8822
50 21 66.8771
50 22 62.9574
50 23 58.639
50 24 55.8909
50 25 49.395
50 26 44.6582
50 27 40.0586
50 28 34.6826
50 29 28.4985
50 30 22.4846
50 31 15.1471
51 0 60.8574
51 1 61.3713
51 2 62.2696
51 3 63.2691
51 4 64.4839
51 5 65.7614
51 6 67.0963
51 7 68.395
51 8 69.6865
51 9 70.9331
51 10 72.1045
51 11 73.1947
51 12 74.1176
51 13 74.8069
51 14 75.3158
51 15 75.4172
51 16 75.2671
51 17 74.5723
51 18 72.5853
51 19 71.7142
51 20 70.1145
51 21 67.0685
51 22 63.2245
51 23 59.0499
51 24 54.5917
51 25 49.2393
51 26 44.9137
51 27 40.9544
51 28 34.6195
51 29 28.805
51 30 22.5628
51 31 14.6955
52 0 60.9977
52 1 61.5312
52 2 62.4316
52 3 63.4683
52 4 64.6298
52 5 65.9294
52 6 67.2415
52 7 68.5168
52 8 69.8308
52 9 71.0721
52 10 72.278
52 11 73.3159
52 12 74.2667
52 13 74.9674
52 14 75.4354
52 15 75.5922
52 16 75.3929
52 17 74.6751
52 18 73.3347
52 19 70.8801
52 20 70.1841
52 21 67.0744
52 22 63.9947
52 23 60.4047
52 24 54.6668
52 25 51.5569
52 26 45.2933
52 27 39.7082
52 28 34.714
52 29 28.9088
52 30 23.133
52 31 14.6469
53 0 61.1854
53 1 61.7146
53 2 62.534
53 3 63.5995
53 4 64.7415
53 5 66.0572
53 6 67.3601
53 7 68.6644
53 8 69.9421
53 9 71.2041
53 10 72.4226
53 11 73.4841
53 12 74.3734
53 13 75.0657
53 14 75.5609
53 15 75.7305
53 16 75.4996
53 17 74.5307
53 18 72.9438
53 19 72.1761
53 20 70.2441
53 21 66.7003
53 22 61.6908
53 23 58.9368
53 24 54.6227
53 25 50.4686
53 26 46.6328
53 27 40.2513
53 28 35.5737
53 29 28.9268
53 30 22.5568
53 31 14.5821
54 0 61.3142
54 1 61.8509
54 2 62.7037
54 3 63.7215
54 4 64.9283
54 5 66.159
54 6 67.4973
54 7 68.7697
54 8 70.058
54 9 71.3167
54 10 72.5277
54 11 73.5848
54 12 74.463
54 13 75.1907
54 14 75.655
54 15 75.8633
54 16 75.596
54 17 74.9465
54 18 73.9233
54 19 72.5465
54 20 70.2203
54 21 65.0773
54 22 61.3926
54 23 58.6754
54 24 54.55
54 25 51.6934
54 26 45.4482
54 27 41.1784
54 28 34.7557
54 29 28.8279
54 30 22.4751
54 31 14.3779
55 0 61.4767
55 1 62.0118
55 2 62.8157
55 3 63.8697
55 4 65.0498
55 5 66.2545
55 6 67.5652
55 7 68.884
55 8 70.1684
55 9 71.4726
55 10 72.6428
55 11 73.6855
55 12 74.5552
55 13 75.2759
55 14 75.7622
55 15 75.9421
55 16 75.7493
55 17 75.1884
55 18 74.2049
55 19 72.6902
55 20 70.2985
55 21 65.1984
55 22 62.7647
55 23 58.7213
55 24 54.3923
55 25 49.9505
55 26 45.0574
55 27 40.0218
55 28 34.4891
55 29 28.5165
55 30 22.5721
55 31 14.6851
56 0 61.5749
56 1 62.0744
56 2 62.9061
56 3 63.945
56 4 65.1353
56 5 66.3981
56 6 67.6859
56 7 69.0209
56 8 70.2847
56 9 71.5678
56 10 72.7622
56 11 73.7561
56 12 74.651
56 13 75.3348
56 14 75.8642
56 15 76.0246
56 16 75.8213
56 17 75.2657
56 18 74.2244
56 19 72.6979
56 20 70.4327
56 21 66.7561
56 22 63.959
56 23 58.7358
56 24 54.2676
56 25 49.1332
56 26 44.8737
56 27 39.7722
56 28 34.0764
56 29 28.8866
56 30 23.2115
56 31 15.2308
57 0 61.6521
57 1 62.2143
57 2 63.0207
57 3 64.0619
57 4 65.2353
57 5 66.4607
57 6 67.7736
57 7 69.1103
57 8 70.4094
57 9 71.6299
57 10 72.847
57 11 73.86
57 12 74.7066
57 13 75.4236
57 14 75.9151
57 15 76.0991
57 16 75.8678
57 17 75.165
57 18 74.0551
57 19 72.4113
57 20 70.4002
57 21 65.6721
57 22 63.2077
57 23 57.9887
57 24 53.9377
57 25 50.0259
57 26 44.9698
57 27 39.7325
57 28 34.3982
57 29 29.5695
57 30 22.6502
57 31 14.732
58 0 61.781
58 1 62.31
58 2 63.126
58 3 64.1283
58 4 65.2656
58 5 66.5247
58 6 67.8309
58 7 69.1866
58 8 70.4691
58 9 71.7213
58 10 72.9089
58 11 73.926
58 12 74.8008
58 13 75.4899
58 14 75.9878
58 15 76.1371
58 16 75.8535
58 17 74.8037
58 18 73.7731
58 19 70.98
58 20 70.3158
58 21 67.1193
58 22 63.3199
58 23 59.1356
58 24 56.6525
58 25 51.9017
58 26 45.264
58 27 39.7141
58 28 34.3619
58 29 28.8116
58 30 22.4882
58 31 14.622
59 0 61.8355
59 1 62.371
59 2 63.1468
59 3 64.1926
59 4 65.3647
59 5 66.5893
59 6 67.8919
59 7 69.2491
59 8 70.5711
59 9 71.8004
59 10 72.9501
59 11 74.0071
59 12 74.9011
59 13 75.5439
59 14 76.0348
59 15 76.117
59 16 75.7969
59 17 74.7509
59 18 72.9275
59 19 70.675
59 20 70.2064
59 21 67.2978
59 22 63.4657
59 23 59.4234
59 24 55.4891
59 25 50.5406
59 26 46.4046
59 27 39.3179
59 28 34.2605
59 29 28.4158
59 30 22.4229
59 31 14.5871
60 0 61.8803
60 1 62.4361
60 2 63.2529
60 3 64.2593
60 4 65.4263
60 5 66.6468
60 6 67.9794
60 7 69.275
60 8 70.6033
60 9 71.872
60 10 72.9853
60 11 74.0456
60 12 74.9499
60 13 75.6188
60 14 76.0502
60 15 76.1566
60 16 75.8607
60 17 75.0375
60 18 73.6543
60 19 70.6375
60 20 69.9689
60 21 67.0985
60 22 63.4982
60 23 59.5795
60 24 57.1176
60 25 50.2598
60 26 44.9748
60 27 39.5897
60 28 33.9846
60 29 28.8033
60 30 22.4737
60 31 14.5857
61 0 61.929
61 1 62.4193
61 2 63.2717
61 3 64.2815
61 4 65.4826
61 5 66.7328
61 6 68.0334
61 7 69.3579
61 8 70.6264
61 9 71.8878
61 10 73.0401
61 11 74.0842
61 12 74.9583
61 13 75.6244
61 14 76.0954
61 15 76.1882
61 16 75.8919
61 17 74.9389
61 18 73.8908
61 19 70.8442
61 20 68.4962
61 21 65.7122
61 22 63.5064
61 23 59.544
61 24 56.9527
61 25 49.897
61 26 44.0844
61 27 39.5081
61 28 34.5032
61 29 29.631
61 30 22.6155
61 31 14.5818
62 0 61.898
62 1 62.4618
62 2 63.3101
62 3 64.3356
62 4 65.5011
62 5 66.7556
62 6 68.078
62 7 69.3784
62 8 70.6399
62 9 71.9366
62 10 73.0663
62 11 74.1065
62 12 75.0055
62 13 75.7062
62 14 76.1426
62 15 76.2223
62 16 75.9843
62 17 75.2361
62 18 74.0936
62 19 72.3241
62 20 69.9893
62 21 67.271
62 22 63.7602
62 23 59.2985
62 24 54.7794
62 25 48.9896
62 26 43.9148
62 27 39.1286
62 28 35.3801
62 29 29.0605
62 30 23.1663
62 31 14.378
63 0 61.8987
63 1 62.4408
63 2 63.284
63 3 64.3512
63 4 65.5193
63 5 66.7451
63 6 68.0639
63 7 69.3651
63 8 70.7008
63 9 71.9581
63 10 73.057
63 11 74.1276
63 12 75.0406
63 13 75.6996
63 14 76.1513
63 15 76.2346
63 16 75.9923
63 17 75.2805
63 18 74.1653
63 19 72.5634
63 20 69.0296
63 21 67.702
63 22 64.9066
63 23 58.4713
63 24 53.781
63 25 49.4139
63 26 44.4648
63 27 39.5654
63 28 34.6759
63 29 28.9296
63 30 22.5869
63 31 14.3666
64 0 61.8994
64 1 62.4874
64 2 63.2974
64 3 64.3757
64 4 65.4979
64 5 66.7387
64 6 68.0578
64 7 69.4109
64 8 70.7131
64 9 71.9443
64 10 73.048
64 11 74.0907
64 12 75.0198
64 13 75.6855
64 14 76.1634
64 15 76.2507
64 16 75.9889
64 17 75.0485
64 18 73.4218
64 19 72.5541
64 20 70.6235
64 21 67.9842
64 22 65.1287
64 23 59.7244
64 24 54.8868
64 25 49.1144
64 26 44.5603
64 27 39.6424
64 28 35.3429
64 29 28.8365
64 30 22.5795
64 31 14.6261
65 0 61.917
65 1 62.487
65 2 63.2946
65 3 64.355
65 4 65.4976
65 5 66.7333
65 6 68.0476
65 7 69.4049
65 8 70.6517
65 9 71.8929
65 10 73.0428
65 11 74.0725
65 12 75.0094
65 13 75.689
65 14 76.154
65 15 76.2738
65 16 76.0073
65 17 75.3556
65 18 74.1523
65 19 71.4859
65 20 70.7845
65 21 68.3057
65 22 64.2717
65 23 61.2769
65 24 56.9692
65 25 50.1852
65 26 44.258
65 27 39.5913
65 28 34.3892
65 29 28.4359
65 30 23.1307
65 31 14.7738
66 0 61.9054
66 1 62.4635
66 2 63.2873
66 3 64.3361
66 4 65.4747
66 5 66.7458
66 6 68.0389
66 7 69.3718
66 8 70.6693
66 9 71.8761
66 10 73.0144
66 11 74.063
66 12 74.966
66 13 75.7015
66 14 76.1743
66 15 76.2998
66 16 76.058
66 17 75.4075
66 18 74.2605
66 19 72.4261
66 20 70.5598
66 21 67.8187
66 22 63.9846
66 23 59.8375
66 24 55.327
66 25 52.0128
66 26 44.8693
66 27 39.554
66 28 33.8971
66 29 28.3608
66 30 22.5821
66 31 15.309
67 0 61.8969
67 1 62.4232
67 2 63.2349
67 3 64.2811
67 4 65.4475
67 5 66.7177
67 6 68.0243
67 7 69.2945
67 8 70.5918
67 9 71.8541
67 10 72.9945
67 11 74.0484
67 12 74.9492
67 13 75.6493
67 14 76.1484
67 15 76.2764
67 16 76.0293
67 17 75.3595
67 18 74.1746
67 19 71.273
67 20 68.918
67 21 67.5091
67 22 63.7471
67 23 59.4867
67 24 54.3384
67 25 51.9585
67 26 44.4548
67 27 39.504
67 28 34.2354
67 29 28.7785
67 30 22.3822
67 31 15.2926
68 0 61.816
68 1 62.328
68 2 63.1636
68 3 64.1938
68 4 65.3807
68 5 66.6411
68 6 67.9662
68 7 69.254
68 8 70.5917
68 9 71.8007
68 10 72.9902
68 11 74.0141
68 12 74.9231
68 13 75.6122
68 14 76.0868
68 15 76.2458
68 16 75.9459
68 17 75.2516
68 18 74.0626
68 19 72.1762
68 20 70.1258
68 21 67.159
68 22 63.5384
68 23 59.4502
68 24 55.0826
68 25 50.2754
68 26 44.8089
68 27 39.1452
68 28 34.2799
68 29 29.5376
68 30 23.1602
68 31 14.7233
69 0 61.755
69 1 62.2783
69 2 63.1281
69 3 64.1277
69 4 65.329
69 5 66.5891
69 6 67.9353
69 7 69.2303
69 8 70.5138
69 9 71.7888
69 10 72.9629
69 11 74.0025
69 12 74.8673
69 13 75.6092
69 14 76.0184
69 15 76.2214
69 16 75.9477
69 17 74.9314
69 18 73.9241
69 19 71.1653
69 20 70.1082
69 21 65.4792
69 22 63.3382
69 23 59.6159
69 24 56.6891
69 25 50.0504
69 26 44.7756
69 27 39.6948
69 28 33.981
69 29 28.8257
69 30 22.5341
69 31 14.3813
70 0 61.6726
70 1 62.2058
70 2 63.019
70 3 64.0921
70 4 65.2705
70 5 66.5299
70 6 67.8481
70 7 69.1748
70 8 70.4402
70 9 71.6994
70 10 72.8589
70 11 73.9181
70 12 74.8324
70 13 75.5176
70 14 75.9965
70 15 76.1383
70 16 75.898
70 17 74.8718
70 18 73.1752
70 19 72.0574
70 20 69.9111
70 21 65.3848
70 22 63.1576
70 23 60.7108
70 24 54.9393
70 25 49.8743
70 26 44.3142
70 27 40.7664
70 28 34.314
70 29 28.7099
70 30 22.4016
70 31 14.513
71 0 61.5662
71 1 62.1197
71 2 62.924
71 3 63.9607
71 4 65.1433
71 5 66.4413
71 6 67.7615
71 7 69.05
71 8 70.3496
71 9 71.64
71 10 72.7851
71 11 73.8598
71 12 74.763
71 13 75.4956
71 14 75.9464
71 15 76.1324
71 16 75.8985
71 17 75.2241
71 18 73.9539
71 19 71.0882
71 20 68.5825
71 21 67.2124
71 22 62.0715
71 23 59.2492
71 24 53.8381
71 25 49.8891
71 26 44.535
71 27 39.8531
71 28 33.9643
71 29 28.7554
71 30 22.3764
71 31 14.482
72 0 61.4971
72 1 62.0293
72 2 62.8224
72 3 63.8395
72 4 65.055
72 5 66.3538
72 6 67.6545
72 7 68.9595
72 8 70.2279
72 9 71.4988
72 10 72.6821
72 11 73.7363
72 12 74.6332
72 13 75.3874
72 14 75.8649
72 15 76.0448
72 16 75.8891
72 17 75.3004
72 18 74.1857
72 19 72.3493
72 20 70.0276
72 21 67.217
72 22 63.0928
72 23 59.3
72 24 53.9774
72 25 50.3636
72 26 46.4696
72 27 39.8464
72 28 33.9645
72 29 29.4235
72 30 22.3813
72 31 14.2685
73 0 61.3812
73 1 61.9172
73 2 62.7525
73 3 63.7418
73 4 64.9152
73 5 66.196
73 6 67.5302
73 7 68.8681
73 8 70.1341
73 9 71.385
73 10 72.5699
73 11 73.6076
73 12 74.5465
73 13 75.2722
73 14 75.7833
73 15 75.9882
73 16 75.8289
73 17 75.1965
73 18 74.2611
73 19 72.6228
73 20 68.946
73 21 67.6194
73 22 62.1618
73 23 60.742
73 24 55.2158
73 25 52.343
73 26 45.559
73 27 39.8025
73 28 34.2622
73 29 28.7533
73 30 22.359
73 31 14.4711
74 0 61.2192
74 1 61.7682
74 2 62.6212
74 3 63.629
74 4 64.778
74 5 66.0517
74 6 67.3723
74 7 68.7317
74 8 70.0477
74 9 71.2605
74 10 72.4165
74 11 73.5092
74 12 74.4504
74 13 75.21
74 14 75.6998
74 15 75.9093
74 16 75.663
74 17 74.9382
74 18 74.2721
74 19 72.7899
74 20 70.5187
74 21 67.421
74 22 62.2854
74 23 59.9518
74 24 55.8197
74 25 52.6271
74 26 45.5328
74 27 39.4055
74 28 33.9619
74 29 28.6841
74 30 22.3575
74 31 14.507
75 0 61.0946
75 1 61.5926
75 2 62.4585
75 3 63.4558
75 4 64.6275
75 5 65.9395
75 6 67.2562
75 7 68.5799
75 8 69.8832
75 9 71.1544
75 10 72.2866
75 11 73.3853
75 12 74.3604
75 13 75.0858
75 14 75.5472
75 15 75.7885
75 16 75.6146
75 17 75.1669
75 18 74.3115
75 19 72.8107
75 20 70.7666
75 21 67.5244
75 22 63.6124
75 23 61.432
75 24 57.7106
75 25 51.3308
75 26 45.7053
75 27 39.8586
75 28 34.3872
75 29 28.8151
75 30 22.4007
75 31 14.5383
76 0 60.9023
76 1 61.4599
76 2 62.3086
76 3 63.299
76 4 64.4637
76 5 65.7712
76 6 67.1019
76 7 68.4194
76 8 69.7086
76 9 70.9999
76 10 72.1733
76 11 73.2631
76 12 74.2238
76 13 74.954
76 14 75.4395
76 15 75.618
76 16 75.5129
76 17 75.0437
76 18 74.2167
76 19 72.8145
76 20 70.7354
76 21 67.4437
76 22 63.5956
76 23 61.1038
76 24 57.3934
76 25 52.5248
76 26 47.0694
76 27 39.6381
76 28 34.5922
76 29 29.5476
76 30 22.4602
76 31 14.6264
77 0 60.7472
77 1 61.2903
77 2 62.1175
77 3 63.1612
77 4 64.3229
77 5 65.6095
77 6 66.9071
77 7 68.2635
77 8 69.5906
77 9 70.8681
77 10 72.0539
77 11 73.1144
77 12 74.0313
77 13 74.7891
77 14 75.2479
77 15 75.4604
77 16 75.3769
77 17 74.893
77 18 74.037
77 19 72.6352
77 20 70.5032
77 21 67.0353
77 22 63.1144
77 23 58.1112
77 24 54.1855
77 25 50.5365
77 26 46.9791
77 27 39.9715
77 28 35.3316
77 29 28.8669
77 30 22.4415
77 31 15.1491
78 0 60.5294
78 1 61.1134
78 2 61.9497
78 3 62.9939
78 4 64.1385
78 5 65.4395
78 6 66.7648
78 7 68.0627
78 8 69.3921
78 9 70.7047
78 10 71.8637
78 11 72.9756
78 12 73.8821
78 13 74.6408
78 14 75.0802
78 15 75.3307
78 16 75.181
78 17 74.3682
78 18 73.7711
78 19 72.1663
78 20 70.1393
78 21 65.375
78 22 62.5831
78 23 57.4803
78 24 54.1438
78 25 49.7865
78 26 46.4353
78 27 39.3319
78 28 34.1398
78 29 28.665
78 30 22.339
78 31 15.0651
79 0 60.3129
79 1 60.8804
79 2 61.718
79 3 62.7548
79 4 63.9419
79 5 65.237
79 6 66.5438
79 7 67.8792
79 8 69.21
79 9 70.466
79 10 71.6628
79 11 72.788
79 12 73.7241
79 13 74.4265
79 14 74.9601
79 15 75.1817
79 16 74.9936
79 17 74.1271
79 18 73.4557
79 19 70.8154
79 20 69.9164
79 21 66.5169
79 22 61.5124
79 23 58.2587
79 24 54.139
79 25 48.7734
79 26 44.6917
79 27 39.0792
79 28 35.043
79 29 28.555
79 30 22.1841
79 31 14.2128
80 0 60.1093
80 1 60.6609
80 2 61.4813
80 3 62.5375
80 4 63.7431
80 5 65.0319
80 6 66.3604
80 7 67.7149
80 8 69.0114
80 9 70.272
80 10 71.4808
80 11 72.5554
80 12 73.5146
80 13 74.2188
80 14 74.7683
80 15 74.9473
80 16 74.8088
80 17 73.931
80 18 73.3073
80 19 71.7062
80 20 69.5587
80 21 66.5674
80 22 63.4716
80 23 58.3487
80 24 55.6088
80 25 49.0346
80 26 44.3438
80 27 39.4288
80 28 34.1326
80 29 28.4191
80 30 22.0669
80 31 14.0547
81 0 59.9251
81 1 60.4579
81 2 61.29
81 3 62.3214
81 4 63.5101
81 5 64.7547
81 6 66.1401
81 7 67.5063
81 8 68.7896
81 9 70.0589
81 10 71.2722
81 11 72.3271
81 12 73.2522
81 13 73.9992
81 14 74.5666
81 15 74.7132
81 16 74.6396
81 17 73.7728
81 18 73.1081
81 19 71.5353
81 20 67.8302
81 21 66.4643
81 22 63.1946
81 23 57.943
81 24 53.6687
81 25 48.2033
81 26 44.3605
81 27 40.3364
81 28 33.6322
81 29 28.3764
81 30 22.0068
81 31 14.1836
82 0 59.6424
82 1 60.209
82 2 61.0505
82 3 62.0659
82 4 63.2589
82 5 64.5289
82 6 65.9222
82 7 67.2766
82 8 68.576
82 9 69.8327
82 10 71.0204
82 11 72.0811
82 12 73.0202
82 13 73.7695
82 14 74.2998
82 15 74.5414
82 16 74.4239
82 17 73.911
82 18 72.9257
82 19 71.3667
82 20 68.9385
82 21 64.414
82 22 60.7298
82 23 56.6711
82 24 53.2278
82 25 48.0758
82 26 45.5314
82 27 39.2116
82 28 33.7975
82 29 28.9696
82 30 21.9602
82 31 13.9358
83 0 59.3815
83 1 59.952
83 2 60.7469
83 3 61.7945
83 4 63.0095
83 5 64.298
83 6 65.6418
83 7 67.0218
83 8 68.2994
83 9 69.6047
83 10 70.7762
83 11 71.8637
83 12 72.8179
83 13 73.5714
83 14 74.0386
83 15 74.3033
83 16 74.2023
83 17 73.7073
83 18 72.732
83 19 71.0689
83 20 68.6183
83 21 65.821
83 22 61.5209
83 23 57.4289
83 24 53.3203
83 25 48.5986
83 26 45.2909
83 27 38.4101
83 28 33.6286
83 29 28.2292
83 30 21.886
83 31 13.9049
84 0 59.122
84 1 59.6528
84 2 60.4523
84 3 61.5629
84 4 62.7331
84 5 64.0247
84 6 65.3462
84 7 66.7531
84 8 68.0409
84 9 69.3358
84 10 70.5567
84 11 71.6237
84 12 72.5769
84 13 73.3228
84 14 73.816
84 15 74.0254
84 16 73.808
84 17 73.4533
84 18 72.4113
84 19 70.618
84 20 66.6257
84 21 65.2118
84 22 61.37
84 23 57.5911
84 24 54.8121
84 25 48.4203
84 26 43.58
84 27 38.0351
84 28 33.5846
84 29 28.1805
84 30 21.8624
84 31 14.1055
85 0 58.7991
85 1 59.3378
85 2 60.1956
85 3 61.2697
85 4 62.4217
85 5 63.7556
85 6 65.0766
85 7 66.4358
85 8 67.7739
85 9 69.0508
85 10 70.2429
85 11 71.36
85 12 72.3218
85 13 73.0637
85 14 73.5312
85 15 73.7418
85 16 73.5542
85 17 73.1653
85 18 72.0537
85 19 70.1871
85 20 66.0294
85 21 64.8032
85 22 60.1177
85 23 58.5127
85 24 52.1844
85 25 48.0392
85 26 42.6547
85 27 37.8499
85 28 34.3069
85 29 28.8063
85 30 21.8829
85 31 13.9992
86 0 58.4705
86 1 58.986
86 2 59.8753
86 3 60.9357
86 4 62.094
86 5 63.3964
86 6 64.7989
86 7 66.1512
86 8 67.4389
86 9 68.7191
86 10 69.9357
86 11 71.0282
86 12 71.9902
86 13 72.8004
86 14 73.2833
86 15 73.4811
86 16 73.3725
86 17 72.8025
86 18 71.7457
86 19 69.8415
86 20 65.6789
86 21 64.5323
86 22 60.9766
86 23 56.4512
86 24 51.8736
86 25 47.8622
86 26 42.8864
86 27 38.1118
86 28 33.3696
86 29 27.9973
86 30 21.9298
86 31 14.6972
87 0 58.0613
87 1 58.6238
87 2 59.4836
87 3 60.5865
87 4 61.7491
87 5 63.0991
87 6 64.4629
87 7 65.819
87 8 67.16
87 9 68.4042
87 10 69.6327
87 11 70.7331
87 12 71.7301
87 13 72.4928
87 14 72.9804
87 15 73.1919
87 16 73.0382
87 17 72.4411
87 18 71.2858
87 19 69.3738
87 20 65.5374
87 21 64.1509
87 22 60.8967
87 23 58.7628
87 24 53.0507
87 25 47.9498
87 26 42.3067
87 27 37.9731
87 28 33.2205
87 29 27.5598
87 30 22.4733
87 31 14.2602
88 0 57.6853
88 1 58.2606
88 2 59.106
88 3 60.2294
88 4 61.3875
88 5 62.6982
88 6 64.0681
88 7 65.4848
88 8 66.8337
88 9 68.086
88 10 69.3235
88 11 70.4035
88 12 71.4201
88 13 72.1731
88 14 72.6988
88 15 72.8576
88 16 72.7597
88 17 72.1175
88 18 70.8168
88 19 67.9501
88 20 66.8222
88 21 62.5832
88 22 59.718
88 23 59.0665
88 24 55.1715
88 25 48.2926
88 26 42.2406
88 27 37.5074
88 28 33.9091
88 29 27.7515
88 30 22.3896
88 31 14.1434
89 0 57.2989
89 1 57.8951
89 2 58.7305
89 3 59.8446
89 4 61.0635
89 5 62.347
89 6 63.7398
89 7 65.1198
89 8 66.4366
89 9 67.7489
89 10 68.9735
89 11 70.0859
89 12 71.0617
89 13 71.7821
89 14 72.3368
89 15 72.529
89 16 72.4085
89 17 71.7235
89 18 69.6657
89 19 68.5758
89 20 66.732
89 21 63.5536
89 22 61.216
89 23 58.5329
89 24 55.0014
89 25 49.7263
89 26 42.3374
89 27 37.8555
89 28 33.0177
89 29 27.6106
89 30 21.7037
89 31 14.0265
90 0 56.8974
90 1 57.4607
90 2 58.3301
90 3 59.4081
90 4 60.6732
90 5 61.9754
90 6 63.3606
90 7 64.7062
90 8 66.0916
90 9 67.3695
90 10 68.5885
90 11 69.7096
90 12 70.6686
90 13 71.4635
90 14 72.0049
90 15 72.1921
90 16 72.0561
90 17 71.412
90 18 69.9988
90 19 67.0059
90 20 66.0438
90 21 61.916
90 22 58.8808
90 23 55.6095
90 24 52.5627
90 25 47.9246
90 26 42.7922
90 27 37.9997
90 28 32.8521
90 29 27.4516
90 30 22.0102
90 31 13.9213
91 0 56.5052
91 1 57.0414
91 2 57.94
91 3 59.0112
91 4 60.252
91 5 61.5508
91 6 62.9352
91 7 64.3332
91 8 65.6974
91 9 66.9677
91 10 68.2366
91 11 69.3621
91 12 70.3123
91 13 71.1294
91 14 71.6401
91 15 71.8013
91 16 71.6853
91 17 71.0971
91 18 69.7245
91 19 66.4462
91 20 64.2762
91 21 62.76
91 22 59.6502
91 23 55.9059
91 24 51.8456
91 25 47.4338
91 26 42.7615
91 27 38.9375
91 28 32.7814
91 29 27.2754
91 30 21.0512
91 31 13.7771
92 0 56.0433
92 1 56.6086
92 2 57.4869
92 3 58.578
92 4 59.8151
92 5 61.1497
92 6 62.504
92 7 63.8784
92 8 65.2512
92 9 66.5278
92 10 67.8095
92 11 68.9489
92 12 69.8944
92 13 70.7335
92 14 71.2524
92 15 71.486
92 16 71.3496
92 17 70.6994
92 18 69.4133
92 19 66.1692
92 20 65.3753
92 21 61.2082
92 22 60.2376
92 23 55.8255
92 24 51.1535
92 25 47.2779
92 26 42.7396
92 27 37.8214
92 28 32.7056
92 29 27.1257
92 30 21.1035
92 31 13.5568
93 0 55.5714
93 1 56.1508
93 2 57.0329
93 3 58.126
93 4 59.3127
93 5 60.6847
93 6 62.0151
93 7 63.4055
93 8 64.8064
93 9 66.0959
93 10 67.3335
93 11 68.5123
93 12 69.4877
93 13 70.31
93 14 70.8779
93 15 71.1128
93 16 70.9894
93 17 70.0485
93 18 69.1354
93 19 65.9661
93 20 65.1908
93 21 61.028
93 22 58.2793
93 23 55.7938
93 24 53.6787
93 25 47.2666
93 26 43.7493
93 27 37.1858
93 28 33.3148
93 29 26.772
93 30 21.0718
93 31 14.1882
94 0 55.0457
94 1 55.6282
94 2 56.5158
94 3 57.6056
94 4 58.8304
94 5 60.1657
94 6 61.5181
94 7 62.9319
94 8 64.3152
94 9 65.6272
94 10 66.8829
94 11 68.073
94 12 69.0336
94 13 69.8512
94 14 70.4386
94 15 70.715
94 16 70.626
94 17 69.7399
94 18 68.9285
94 19 65.9323
94 20 63.7529
94 21 62.5097
94 22 60.0697
94 23 55.6372
94 24 53.8229
94 25 46.5586
94 26 42.3609
94 27 37.293
94 28 32.3139
94 29 26.9996
94 30 21.0855
94 31 13.7006
95 0 54.5548
95 1 55.129
95 2 56.0076
95 3 57.1229
95 4 58.345
95 5 59.6222
95 6 61.0032
95 7 62.459
95 8 63.8488
95 9 65.1327
95 10 66.4237
95 11 67.5628
95 12 68.6113
95 13 69.4074
95 14 69.9883
95 15 70.2988
95 16 70.2286
95 17 69.7538
95 18 68.7947
95 19 67.1346
95 20 65.0903
95 21 62.7148
95 22 59.2322
95 23 54.3932
95 24 53.3898
95 25 46.9144
95 26 42.1927
95 27 37.1074
95 28 31.7207
95 29 27.5277
95 30 21.5464
95 31 13.5651
96 0 54.0158
96 1 54.6021
96 2 55.491
96 3 56.558
96 4 57.7779
96 5 59.1168
96 6 60.501
96 7 61.9237
96 8 63.3312
96 9 64.6579
96 10 65.92
96 11 67.0962
96 12 68.0933
96 13 68.9238
96 14 69.5211
96 15 69.8591
96 16 69.8778
96 17 69.4811
96 18 68.5917
96 19 67.0771
96 20 63.7519
96 21 62.9377
96 22 59.104
96 23 54.0826
96 24 51.4306
96 25 46.7387
96 26 43.1851
96 27 36.9533
96 28 31.8429
96 29 26.432
96 30 20.6859
96 31 13.2613
97 0 53.3985
97 1 54.0037
97 2 54.9162
97 3 55.9941
97 4 57.201
97 5 58.573
97 6 59.9447
97 7 61.3573
97 8 62.7546
97 9 64.0758
97 10 65.3953
97 11 66.5641
97 12 67.5718
97 13 68.4209
97 14 69.0404
97 15 69.3565
97 16 69.3597
97 17 69.0863
97 18 68.1885
97 19 66.6647
97 20 64.9787
97 21 62.5257
97 22 59.7869
97 23 54.8469
97 24 52.6043
97 25 46.5975
97 26 41.7079
97 27 36.6804
97 28 31.7868
97 29 26.5509
97 30 21.4244
97 31 13.313
98 0 52.787
98 1 53.3806
98 2 54.3165
98 3 55.4287
98 4 56.6489
98 5 57.9953
98 6 59.3605
98 7 60.7998
98 8 62.171
98 9 63.5036
98 10 64.8274
98 11 65.9673
98 12 67.0393
98 13 67.9359
98 14 68.5312
98 15 68.9298
98 16 68.9795
98 17 68.665
98 18 67.6736
98 19 65.1113
98 20 64.7805
98 21 62.2076
98 22 58.656
98 23 54.5417
98 24 50.6167
98 25 47.5832
98 26 41.1607
98 27 36.327
98 28 32.3367
98 29 26.457
98 30 21.4617
98 31 13.996
99 0 52.1749
99 1 52.753
99 2 53.6671
99 3 54.791
99 4 56.0366
99 5 57.3716
99 6 58.7519
99 7 60.1508
99 8 61.5522
99 9 62.929
99 10 64.2374
99 11 65.4213
99 12 66.4515
99 13 67.3735
99 14 68.0193
99 15 68.3519
99 16 68.466
99 17 68.172
99 18 67.2769
99 19 64.7079
99 20 64.3995
99 21 61.8357
99 22 58.2868
99 23 54.0927
99 24 49.8828
99 25 45.5485
99 26 40.1686
99 27 35.6776
99 28 30.9078
99 29 26.1953
99 30 21.2503
99 31 13.5098
100 0 51.508
100 1 52.0904
100 2 52.9961
100 3 54.1461
100 4 55.3495
100 5 56.7108
100 6 58.109
100 7 59.5237
100 8 60.9319
100 9 62.2644
100 10 63.6031
100 11 64.7553
100 12 65.8649
100 13 66.7451
100 14 67.393
100 15 67.7842
100 16 67.9084
100 17 67.645
100 18 66.9018
100 19 65.5132
100 20 63.8785
100 21 61.4027
100 22 58.7285
100 23 53.5992
100 24 49.3677
100 25 44.9154
100 26 39.8787
100 27 36.8403
100 28 30.6317
100 29 25.9253
100 30 20.4739
100 31 13.7345
101 0 50.8237
101 1 51.4152
101 2 52.3355
101 3 53.434
101 4 54.6885
101 5 56.0091
101 6 57.4182
101 7 58.8506
101 8 60.2354
101 9 61.5971
101 10 62.9379
101 11 64.1144
101 12 65.1885
101 13 66.1177
101 14 66.7969
101 15 67.2031
101 16 67.2342
101 17 67.0053
101 18 66.4342
101 19 65.1936
101 20 61.9764
101 21 60.8918
101 22 57.4032
101 23 52.4532
101 24 49.0622
101 25 44.3136
101 26 40.2418
101 27 35.926
101 28 30.8056
101 29 25.7316
101 30 20.7057
101 31 12.8851
102 0 50.0774
102 1 50.6396
102 2 51.5637
102 3 52.7111
102 4 53.9421
102 5 55.3205
102 6 56.7211
102 7 58.1104
102 8 59.5053
102 9 60.9225
102 10 62.2111
102 11 63.3824
102 12 64.4988
102 13 65.4059
102 14 66.1216
102 15 66.5171
102 16 66.6296
102 17 66.1322
102 18 65.8214
102 19 64.7322
102 20 62.8996
102 21 60.7304
102 22 56.9093
102 23 54.1812
102 24 48.9848
102 25 46.4658
102 26 40.029
102 27 36.795
102 28 30.653
102 29 25.5674
102 30 19.9152
102 31 12.835
103 0 49.3241
103 1 49.8953
103 2 50.8015
103 3 51.945
103 4 53.1939
103 5 54.5173
103 6 55.9536
103 7 57.3745
103 8 58.7884
103 9 60.1516
103 10 61.4318
103 11 62.6299
103 12 63.7717
103 13 64.6951
103 14 65.3724
103 15 65.821
103 16 65.95
103 17 65.7277
103 18 65.162
103 19 64.066
103 20 62.4929
103 21 59.8424
103 22 56.3929
103 23 51.9302
103 24 48.7044
103 25 46.361
103 26 41.632
103 27 36.5677
103 28 30.0505
103 29 25.9626
103 30 19.6423
103 31 12.6878
104 0 48.5059
104 1 49.0852
104 2 50.0085
104 3 51.1267
104 4 52.3474
104 5 53.7256
104 6 55.1298
104 7 56.5502
104 8 57.9923
104 9 59.3209
104 10 60.6659
104 11 61.8364
104 12 62.9633
104 13 63.886
104 14 64.5578
104 15 65.0467
104 16 65.2038
104 17 64.9687
104 18 64.3723
104 19 63.1503
104 20 61.657
104 21 58.9554
104 22 56.0117
104 23 53.7684
104 24 48.4559
104 25 44.1926
104 26 40.9966
104 27 34.9756
104 28 29.9127
104 29 25.061
104 30 19.3956
104 31 12.5951
105 0 47.6537
105 1 48.2434
105 2 49.1302
105 3 50.2442
105 4 51.5431
105 5 52.8528
105 6 54.2966
105 7 55.7068
105 8 57.1088
105 9 58.4729
105 10 59.7694
105 11 60.98
105 12 62.0987
105 13 63.0239
105 14 63.7347
105 15 64.1963
105 16 64.3361
105 17 63.8367
105 18 63.4225
105 19 61.0949
105 20 60.4895
105 21 56.8107
105 22 56.2792
105 23 53.3442
105 24 49.4384
105 25 43.133
105 26 38.7532
105 27 34.1316
105 28 29.431
105 29 25.2605
105 30 19.1534
105 31 12.8979
106 0 46.766
106 1 47.3284
106 2 48.2784
106 3 49.3531
106 4 50.6239
106 5 52.0038
106 6 53.4022
106 7 54.8087
106 8 56.2478
106 9 57.6028
106 10 58.8707
106 11 60.0744
106 12 61.2295
106 13 62.1692
106 14 62.7982
106 15 63.3446
106 16 63.4577
106 17 63.1059
106 18 62.5627
106 19 61.2623
106 20 58.1774
106 21 57.3961
106 22 55.3705
106 23 51.0447
106 24 46.8891
106 25 41.5633
106 26 37.3392
106 27 33.4376
106 28 28.7127
106 29 23.9289
106 30 18.8708
106 31 12.2158
107 0 45.8301
107 1 46.414
107 2 47.3435
107 3 48.4415
107 4 49.7017
107 5 51.0625
107 6 52.4348
107 7 53.8542
107 8 55.3032
107 9 56.6405
107 10 57.9108
107 11 59.1416
107 12 60.2652
107 13 61.2128
107 14 61.8735
107 15 62.3798
107 16 62.4998
107 17 61.9755
107 18 61.5363
107 19 60.364
107 20 58.6528
107 21 54.7806
107 22 53.3985
107 23 49.9158
107 24 46.0424
107 25 40.9057
107 26 37.3738
107 27 32.6238
107 28 29.5447
107 29 23.645
107 30 19.0949
107 31 11.7466
108 0 44.8304
108 1 45.4659
108 2 46.3543
108 3 47.4617
108 4 48.732
108 5 50.0706
108 6 51.44
108 7 52.8461
108 8 54.2752
108 9 55.6358
108 10 56.9117
108 11 58.158
108 12 59.2444
108 13 60.1778
108 14 60.8792
108 15 61.3194
108 16 61.4729
108 17 61.1936
108 18 59.8248
108 19 58.4286
108 20 57.987
108 21 53.9366
108 22 52.4854
108 23 49.078
108 24 46.9175
108 25 41.0241
108 26 38.328
108 27 32.3978
108 28 29.2172
108 29 24.1985
108 30 18.1849
108 31 11.6739
109 0 43.7964
109 1 44.4512
109 2 45.3376
109 3 46.4265
109 4 47.7118
109 5 49.0237
109 6 50.3698
109 7 51.766
109 8 53.1594
109 9 54.5772
109 10 55.8554
109 11 57.0645
109 12 58.1851
109 13 59.0987
109 14 59.8239
109 15 60.2225
109 16 60.3984
109 17 59.9402
109 18 59.6305
109 19 58.6783
109 20 57.3167
109 21 54.6541
109 22 52.5021
109 23 48.291
109 24 44.3979
109 25 40.1851
109 26 37.7335
109 27 33.3164
109 28 27.7997
109 29 22.9875
109 30 17.4426
109 31 11.4184
110 0 42.7386
110 1 43.3501
110 2 44.2356
110 3 45.3542
110 4 46.6103
110 5 47.9093
110 6 49.268
110 7 50.6783
110 8 52.0626
110 9 53.4452
110 10 54.7151
110 11 55.9385
110 12 57.0096
110 13 57.9471
110 14 58.6412
110 15 59.1209
110 16 59.3181
110 17 58.8515
110 18 58.7764
110 19 57.9325
110 20 56.459
110 21 53.8016
110 22 50.5808
110 23 48.4287
110 24 43.2355
110 25 38.5557
110 26 35.4103
110 27 32.4045
110 28 26.9306
110 29 22.3304
110 30 17.0865
110 31 11.1609
111 0 41.6152
111 1 42.2139
111 2 43.1395
111 3 44.2016
111 4 45.4245
111 5 46.7409
111 6 48.1156
111 7 49.4664
111 8 50.8601
111 9 52.2316
111 10 53.5099
111 11 54.6723
111 12 55.7148
111 13 56.6627
111 14 57.3718
111 15 57.8682
111 16 58.0938
111 17 57.6826
111 18 57.6575
111 19 56.8375
111 20 55.329
111 21 52.4631
111 22 48.1567
111 23 46.0213
111 24 42.2034
111 25 38.1433
111 26 33.7657
111 27 29.889
111 28 25.7682
111 29 21.7871
111 30 17.531
111 31 10.7537
112 0 40.4189
112 1 41.01
112 2 41.9403
112 3 43.0207
112 4 44.1966
112 5 45.5343
112 6 46.8484
112 7 48.1954
112 8 49.5601
112 9 50.9432
112 10 52.1547
112 11 53.3369
112 12 54.3439
112 13 55.2854
112 14 55.9942
112 15 56.462
112 16 56.7462
112 17 56.4261
112 18 56.4335
112 19 55.6613
112 20 54.0922
112 21 49.9282
112 22 47.9743
112 23 44.8115
112 24 41.3905
112 25 37.374
112 26 33.4652
112 27 28.9245
112 28 25.4616
112 29 21.2681
112 30 16.6814
112 31 10.7068
113 0 39.1565
113 1 39.8006
113 2 40.676
113 3 41.7197
113 4 42.94
113 5 44.1947
113 6 45.5503
113 7 46.8865
113 8 48.2199
113 9 49.5502
113 10 50.7558
113 11 51.8986
113 12 52.9255
113 13 53.7721
113 14 54.4714
113 15 55.0407
113 16 55.3227
113 17 55.2771
113 18 55.036
113 19 54.2915
113 20 52.8216
113 21 50.0754
113 22 46.9484
113 23 43.7057
113 24 41.9604
113 25 36.5107
113 26 33.8454
113 27 28.2338
113 28 25.622
113 29 20.7301
113 30 16.7336
113 31 10.4568
114 0 37.8538
114 1 38.4843
114 2 39.3289
114 3 40.3707
114 4 41.5595
114 5 42.8173
114 6 44.1479
114 7 45.4745
114 8 46.7688
114 9 48.0295
114 10 49.2555
114 11 50.3473
114 12 51.349
114 13 52.1238
114 14 52.8162
114 15 53.3864
114 16 53.6562
114 17 53.7136
114 18 53.4439
114 19 52.6892
114 20 51.4017
114 21 48.8839
114 22 45.6769
114 23 42.348
114 24 39.055
114 25 35.2747
114 26 31.6571
114 27 27.7463
114 28 24.0733
114 29 20.0329
114 30 15.6555
114 31 10.1178
115 0 36.4588
115 1 37.0615
115 2 37.9652
115 3 39.0045
115 4 40.1489
115 5 41.3706
115 6 42.6709
115 7 43.9284
115 8 45.1708
115 9 46.4295
115 10 47.6005
115 11 48.6808
115 12 49.6174
115 13 50.3546
115 14 51.0286
115 15 51.5414
115 16 51.7978
115 17 51.8495
115 18 51.6006
115 19 50.8761
115 20 49.6858
115 21 47.3173
115 22 44.1773
115 23 40.8497
115 24 37.4507
115 25 33.9363
115 26 30.3961
115 27 26.7911
115 28 23.1471
115 29 19.2974
115 30 15.036
115 31 9.75874
116 0 35.0272
116 1 35.6221
116 2 36.5256
116 3 37.5298
116 4 38.6372
116 5 39.8576
116 6 41.0928
116 7 42.3122
116 8 43.4946
116 9 44.6929
116 10 45.817
116 11 46.8239
116 12 47.7192
116 13 48.4164
116 14 49.0692
116 15 49.5175
116 16 49.7364
116 17 49.7294
116 18 49.4711
116 19 48.8281
116 20 47.6521
116 21 45.45
116 22 42.4595
116 23 39.2426
116 24 35.9387
116 25 32.5821
116 26 29.195
116 27 25.7659
116 28 22.2584
116 29 18.5621
116 30 14.4635
116 31 9.39934
117 0 33.4842
117 1 34.089
117 2 34.973
117 3 35.9242
117 4 37.0494
117 5 38.1982
117 6 39.3471
117 7 40.5508
117 8 41.6616
117 9 42.7928
117 10 43.8588
117 11 44.7971
117 12 45.6006
117 13 46.2579
117 14 46.8351
117 15 47.1844
117 16 47.3154
117 17 47.3165
117 18 46.9626
117 19 46.1773
117 20 44.9715
117 21 43.2121
117 22 40.4964
117 23 37.4878
117 24 34.3579
117 25 31.1732
117 26 27.955
117 27 24.6932
117 28 21.3441
117 29 17.8095
117 30 13.8858
117 31 9.03279
118 0 31.9192
118 1 32.5063
118 2 33.3297
118 3 34.292
118 4 35.3334
118 5 36.4231
118 6 37.5294
118 7 38.644
118 8 39.694
118 9 40.7439
118 10 41.7077
118 11 42.5345
118 12 43.267
118 13 43.8474
118 14 44.2399
118 15 44.4201
118 16 44.3858
118 17 44.1414
118 18 43.6524
118 19 42.8644
118 20 41.7389
118 21 40.2159
118 22 38.226
118 23 35.5413
118 24 32.6532
118 25 29.6746
118 26 26.6451
118 27 23.5619
118 28 20.3854
118 29 17.0247
118 30 13.2866
118 31 8.65261
119 0 30.2177
119 1 30.8034
119 2 31.5552
119 3 32.4785
119 4 33.4457
119 5 34.5071
119 6 35.5644
119 7 36.5732
119 8 37.554
119 9 38.4757
119 10 39.2511
119 11 39.924
119 12 40.4757
119 13 40.8352
119 14 41.0484
119 15 41.1018
119 16 40.9803
119 17 40.6723
119 18 40.1547
119 19 39.3963
119 20 38.3669
119 21 37.0351
119 22 35.3716
119 23 33.3481
119 24 30.7855
119 25 28.0582
119 26 25.2442
119 27 22.358
119 28 19.3696
119 29 16.1966
119 30 12.6565
119 31 8.25374
120 0 28.3833
120 1 28.9621
120 2 29.6874
120 3 30.5251
120 4 31.4605
120 5 32.451
120 6 33.3879
120 7 34.2776
120 8 35.1226
120 9 35.8545
120 10 36.4635
120 11 36.9374
120 12 37.3014
120 13 37.5401
120 14 37.6531
120 15 37.631
120 16 37.461
120 17 37.1292
120 18 36.6181
120 19 35.9069
120 20 34.9751
120 21 33.8039
120 22 32.3785
120 23 30.6867
120 24 28.708
120 25 26.2944
120 26 23.7312
120 27 21.0655
120 28 18.2837
120 29 15.3145
120 30 11.9875
120 31 7.83142
121 0 26.4246
121 1 26.9758
121 2 27.6422
121 3 28.4403
121 4 29.3116
121 5 30.1659
121 6 31.0048
121 7 31.7396
121 8 32.3896
121 9 32.9219
121 10 33.3648
121 11 33.7148
121 12 33.9713
121 13 34.1274
121 14 34.1761
121 15 34.1086
121 16 33.9139
121 17 33.58
121 18 33.0932
121 19 32.4387
121 20 31.6027
121 21 30.5729
121 22 29.3404
121 23 27.8988
121 24 26.2394
121 25 24.3423
121 26 22.0798
121 27 19.6649
121 28 17.1119
121 29 14.3657
121 30 11.2702
121 31 7.38026
122 0 24.3236
122 1 24.8195
122 2 25.4793
122 3 26.1948
122 4 26.9379
122 5 27.6566
122 6 28.3393
122 7 28.8907
122 8 29.3684
122 9 29.7729
122 10 30.1069
122 11 30.3675
122 12 30.55
122 13 30.6479
122 14 30.654
122 15 30.5603
122 16 30.3574
122 17 30.0354
122 18 29.5837
122 19 28.9916
122 20 28.2493
122 21 27.3484
122 22 26.283
122 23 25.0487
122 24 23.6407
122 25 22.049
122 26 20.2505
122 27 18.1291
122 28 15.8334
122 29 13.3337
122 30 10.4924
122 31 6.89312
123 0 22.0511
123 1 22.5024
123 2 23.0912
123 3 23.716
123 4 24.3293
123 5 24.892
123 6 25.3739
123 7 25.792
123 8 26.1556
123 9 26.4654
123 10 26.7191
123 11 26.9126
123 12 27.0407
123 13 27.0975
123 14 27.0763
123 15 26.97
123 16 26.771
123 17 26.4712
123 18 26.0624
123 19 25.5367
123 20 24.8869
123 21 24.1074
123 22 23.1936
123 23 22.1423
123 24 20.9498
123 25 19.6098
123 26 18.1083
123 27 16.4155
123 28 14.4168
123 29 12.1941
123 30 9.63618
123 31 6.3595
124 0 19.4549
124 1 19.8479
124 2 20.4336
124 3 20.9231
124 4 21.3934
124 5 21.7957
124 6 22.1518
124 7 22.4681
124 8 22.7454
124 9 22.9814
124 10 23.1726
124 11 23.3145
124 12 23.4022
124 13 23.4305
124 14 23.3935
124 15 23.2853
124 16 23.0996
124 17 22.8302
124 18 22.4708
124 19 22.0154
124 20 21.4589
124 21 20.797
124 22 20.0265
124 23 19.1448
124 24 18.149
124 25 17.034
124 26 15.7897
124 27 14.3958
124 28 12.811
124 29 10.9076
124 30 8.67213
124 31 5.76218
125 0 16.6412
125 1 16.9815
125 2 17.3919
125 3 17.7376
125 4 18.0657
125 5 18.3553
125 6 18.6173
125 7 18.8532
125 8 19.0608
125 9 19.2368
125 10 19.3775
125 11 19.4789
125 12 19.5365
125 13 19.5459
125 14 19.5024
125 15 19.4012
125 16 19.2374
125 17 19.0062
125 18 18.7028
125 19 18.323
125 20 17.8629
125 21 17.3196
125 22 16.6906
125 23 15.9739
125 24 15.1672
125 25 14.2664
125 26 13.2639
125 27 12.1445
125 28 10.8784
125 29 9.40388
125 30 7.54699
125 31 5.06921
126 0 13.2366
126 1 13.4797
126 2 13.765
126 3 13.9908
126 4 14.205
126 5 14.405
126 6 14.5897
126 7 14.7572
126 8 14.9048
126 9 15.0292
126 10 15.1272
126 11 15.1955
126 12 15.2305
126 13 15.2289
126 14 15.1871
126 15 15.1015
126 16 14.9685
126 17 14.7846
126 18 14.5464
126 19 14.251
126 20 13.8958
126 21 13.4786
126 22 12.9979
126 23 12.4521
126 24 11.8395
126 25 11.1572
126 26 10.3996
126 27 9.55597
126 28 8.60519
126 29 7.50351
126 30 6.14897
126 31 4.20969
127 0 8.81341
127 1 8.88393
127 2 9.0428
127 3 9.16901
127 4 9.29303
127 5 9.41203
127 6 9.52323
127 7 9.6244
127 8 9.71329
127 9 9.78768
127 10 9.84536
127 11 9.88413
127 12 9.90179
127 13 9.89611
127 14 9.86486
127 15 9.80578
127 16 9.71669
127 17 9.59545
127 18 9.44006
127 19 9.24876
127 20 9.02002
127 21 8.75263
127 22 8.44564
127 23 8.0982
127 24 7.70927
127 25 7.27715
127 26 6.79859
127 27 6.26734
127 28 5.67118
127 29 4.98487
127 30 4.14881
127 31 2.97153
