0 0 3.72453
0 1 4.81901
0 2 5.60784
0 3 6.11522
0 4 6.5153
0 5 6.8522
0 6 7.14625
0 7 7.40485
0 8 7.63095
0 9 7.82623
0 10 7.99154
0 11 8.12707
0 12 8.2325
0 13 8.30715
0 14 8.35002
0 15 8.36
0 16 8.33583
0 17 8.27628
0 18 8.18022
0 19 8.04668
0 20 7.87491
0 21 7.66444
0 22 7.41499
0 23 7.12635
0 24 6.79809
0 25 6.42908
0 26 6.01677
0 27 5.55579
0 28 5.0354
0 29 4.43309
0 30 3.69553
0 31 2.65141
1 0 5.32648
1 1 7.14291
1 2 8.37264
1 3 9.24011
1 4 9.89939
1 5 10.4471
1 6 10.9256
1 7 11.3446
1 8 11.7092
1 9 12.0235
1 10 12.2895
1 11 12.508
1 12 12.6789
1 13 12.8012
1 14 12.8733
1 15 12.8935
1 16 12.8597
1 17 12.77
1 18 12.6222
1 19 12.4148
1 20 12.1464
1 21 11.8162
1 22 11.4235
1 23 10.968
1 24 10.449
1 25 9.86432
1 26 9.20965
1 27 8.47567
1 28 7.64365
1 29 6.67446
1 30 5.47659
1 31 3.74952
2 0 6.48978
2 1 8.83932
2 2 10.3188
2 3 11.6034
2 4 12.5127
2 5 13.2529
2 6 13.9144
2 7 14.4855
2 8 14.9784
2 9 15.4021
2 10 15.7608
2 11 16.0562
2 12 16.2884
2 13 16.4565
2 14 16.5586
2 15 16.5922
2 16 16.5545
2 17 16.4426
2 18 16.2536
2 19 15.9851
2 20 15.6351
2 21 15.2021
2 22 14.6852
2 23 14.084
2 24 13.3973
2 25 12.6225
2 26 11.7531
2 27 10.7761
2 28 9.66475
2 29 8.36335
2 30 6.71146
2 31 4.50687
3 0 7.41787
3 1 10.1742
3 2 12.0023
3 3 13.4334
3 4 14.7116
3 5 15.5877
3 6 16.5265
3 7 17.258
3 8 17.884
3 9 18.4206
3 10 18.8746
3 11 19.2497
3 12 19.5464
3 13 19.7639
3 14 19.9
3 15 19.9514
3 16 19.9147
3 17 19.7859
3 18 19.5611
3 19 19.2367
3 20 18.8096
3 21 18.278
3 22 17.6405
3 23 16.8964
3 24 16.0443
3 25 15.0807
3 26 13.9973
3 27 12.7759
3 28 11.379
3 29 9.68651
3 30 7.69818
3 31 5.11306
4 0 8.27968
4 1 11.3707
4 2 13.4588
4 3 15.0479
4 4 16.5142
4 5 17.8138
4 6 18.903
4 7 19.8063
4 8 20.5816
4 9 21.2419
4 10 21.8003
4 11 22.2628
4 12 22.6312
4 13 22.9049
4 14 23.0813
4 15 23.1568
4 16 23.1268
4 17 22.9859
4 18 22.7291
4 19 22.351
4 20 21.8476
4 21 21.2158
4 22 20.4536
4 23 19.56
4 24 18.5335
4 25 17.3693
4 26 16.0553
4 27 14.5642
4 28 12.7867
4 29 10.8092
4 30 8.53683
4 31 5.63137
5 0 9.01063
5 1 12.3646
5 2 14.6906
5 3 16.5487
5 4 18.0164
5 5 19.4547
5 6 21.0738
5 7 22.1479
5 8 23.1317
5 9 23.9337
5 10 24.6113
5 11 25.1741
5 12 25.6254
5 13 25.9654
5 14 26.1914
5 15 26.2992
5 16 26.2828
5 17 26.1356
5 18 25.8504
5 19 25.4201
5 20 24.8384
5 21 24.1004
5 22 23.2034
5 23 22.1457
5 24 20.9249
5 25 19.5331
5 26 17.949
5 27 16.0606
5 28 14.0165
5 29 11.7945
5 30 9.27485
5 31 6.09018
6 0 9.63153
6 1 13.2691
6 2 15.8247
6 3 17.8702
6 4 19.6305
6 5 21.1867
6 6 22.9476
6 7 24.4054
6 8 25.5309
6 9 26.5088
6 10 27.3307
6 11 28.0137
6 12 28.5643
6 13 28.9852
6 14 29.2737
6 15 29.4249
6 16 29.4319
6 17 29.2859
6 18 28.9771
6 19 28.4955
6 20 27.8315
6 21 26.9775
6 22 25.9283
6 23 24.6811
6 24 23.2302
6 25 21.5578
6 26 19.5405
6 27 17.3868
6 28 15.1144
6 29 12.6771
6 30 9.93803
6 31 6.50458
7 0 10.3117
7 1 14.0429
7 2 16.9122
7 3 19.0896
7 4 21.07
7 5 22.9381
7 6 24.6608
7 7 26.2366
7 8 27.5704
7 9 28.9225
7 10 29.9309
7 11 30.7701
7 12 31.4444
7 13 31.9689
7 14 32.3382
7 15 32.5493
7 16 32.5938
7 17 32.4598
7 18 32.1341
7 19 31.603
7 20 30.8517
7 21 29.8661
7 22 28.6369
7 23 27.1565
7 24 25.4085
7 25 23.2502
7 26 20.9584
7 27 18.5807
7 28 16.1079
7 29 13.4782
7 30 10.5418
7 31 6.88355
8 0 10.8052
8 1 14.8755
8 2 17.8082
8 3 20.1468
8 4 22.17
8 5 24.3435
8 6 26.2063
8 7 27.8234
8 8 29.4573
8 9 30.8961
8 10 32.2185
8 11 33.3692
8 12 34.203
8 13 34.8781
8 14 35.352
8 15 35.6517
8 16 35.7567
8 17 35.6518
8 18 35.3203
8 19 34.744
8 20 33.8993
8 21 32.759
8 22 31.3019
8 23 29.507
8 24 27.2049
8 25 24.7561
8 26 22.2377
8 27 19.6657
8 28 17.0144
8 29 14.2114
8 30 11.0962
8 31 7.23287
9 0 11.3926
9 1 15.6123
9 2 18.666
9 3 21.0796
9 4 23.3177
9 5 25.5852
9 6 27.2957
9 7 29.3223
9 8 31.165
9 9 32.7403
9 10 34.1125
9 11 35.465
9 12 36.5492
9 13 37.5951
9 14 38.1506
9 15 38.6468
9 16 38.857
9 17 38.8126
9 18 38.4937
9 19 37.8823
9 20 36.9422
9 21 35.6096
9 22 33.8329
9 23 31.4033
9 24 28.7919
9 25 26.1109
9 26 23.3999
9 27 20.657
9 28 17.8458
9 29 14.8861
9 30 11.608
9 31 7.55648
10 0 11.8759
10 1 16.2771
10 2 19.4259
10 3 21.9477
10 4 24.2093
10 5 26.6041
10 6 28.8088
10 7 30.7207
10 8 32.5687
10 9 34.3535
10 10 35.9232
10 11 37.3917
10 12 38.5676
10 13 39.5667
10 14 40.5285
10 15 41.1839
10 16 41.6791
10 17 41.7955
10 18 41.5254
10 19 40.8997
10 20 39.8861
10 21 38.2962
10 22 35.808
10 23 33.056
10 24 30.2085
10 25 27.3363
10 26 24.4596
10 27 21.5657
10 28 18.6111
10 29 15.5091
10 30 12.082
10 31 7.85722
11 0 12.3452
11 1 16.9782
11 2 20.1674
11 3 22.9282
11 4 25.1107
11 5 27.6013
11 6 30.0017
11 7 31.9911
11 8 33.89
11 9 35.6869
11 10 37.3481
11 11 38.9926
11 12 40.3021
11 13 41.472
11 14 42.5862
11 15 43.2179
11 16 43.873
11 17 43.9654
11 18 43.9114
11 19 43.2886
11 20 42.4365
11 21 40.2846
11 22 37.493
11 23 34.5122
11 24 31.4793
11 25 28.4477
11 26 25.4277
11 27 22.4002
11 28 19.3167
11 29 16.0856
11 30 12.522
11 31 8.13724
12 0 12.8047
12 1 17.6559
12 2 20.9946
12 3 23.7136
12 4 26.0733
12 5 28.6932
12 6 31.0247
12 7 33.1454
12 8 35.1932
12 9 36.9873
12 10 38.7804
12 11 40.3478
12 12 41.8247
12 13 43.0027
12 14 44.2743
12 15 45.1477
12 16 45.575
12 17 45.8536
12 18 45.736
12 19 45.2406
12 20 44.3964
12 21 41.9379
12 22 38.9506
12 23 35.8024
12 24 32.622
12 25 29.4569
12 26 26.313
12 27 23.1673
12 28 19.968
12 29 16.6195
12 30 12.9308
12 31 8.39824
13 0 13.26
13 1 18.1883
13 2 21.6727
13 3 24.569
13 4 26.9319
13 5 29.6296
13 6 32.063
13 7 34.2248
13 8 36.2888
13 9 38.1807
13 10 40.1225
13 11 41.7502
13 12 43.1679
13 13 44.5612
13 14 45.6975
13 15 46.6947
13 16 47.3744
13 17 47.5323
13 18 47.4709
13 19 47.022
13 20 45.829
13 21 43.3376
13 22 40.2231
13 23 36.9496
13 24 33.6509
13 25 30.3738
13 26 27.1228
13 27 23.8727
13 28 20.5694
13 29 17.1143
13 30 13.3109
13 31 8.6416
14 0 13.6214
14 1 18.7537
14 2 22.2731
14 3 25.1721
14 4 28.0027
14 5 30.5482
14 6 33.0543
14 7 35.2671
14 8 37.412
14 9 39.2824
14 10 41.2104
14 11 42.9488
14 12 44.5129
14 13 45.889
14 14 47.0754
14 15 48.1973
14 16 48.6374
14 17 49.1437
14 18 49.0548
14 19 48.5387
14 20 47.1365
14 21 44.5467
14 22 41.3425
14 23 37.973
14 24 34.5785
14 25 31.2073
14 26 27.8635
14 27 24.5213
14 28 21.1248
14 29 17.5729
14 30 13.6643
14 31 8.86851
15 0 14.0595
15 1 19.1903
15 2 22.9319
15 3 25.8039
15 4 28.7885
15 5 31.3981
15 6 33.8677
15 7 36.1487
15 8 38.2438
15 9 40.337
15 10 42.2212
15 11 43.9796
15 12 45.6897
15 13 47.0723
15 14 48.4117
15 15 49.3976
15 16 50.1162
15 17 50.2249
15 18 50.3597
15 19 49.5595
15 20 48.1419
15 21 45.6055
15 22 42.3344
15 23 38.8888
15 24 35.4157
15 25 31.9651
15 26 28.5412
15 27 25.1176
15 28 21.6375
15 29 17.9978
15 30 13.9928
15 31 9.08002
16 0 14.4471
16 1 19.8025
16 2 23.3271
16 3 26.5411
16 4 29.4583
16 5 32.1278
16 6 34.5451
16 7 36.9885
16 8 39.1631
16 9 41.3521
16 10 43.1741
16 11 45.0873
16 12 46.6553
16 13 48.1359
16 14 49.3873
16 15 50.5214
16 16 51.2343
16 17 51.5535
16 18 51.3714
16 19 50.5811
16 20 49.174
16 21 46.5542
16 22 43.2191
16 23 39.7103
16 24 36.1722
16 25 32.6543
16 26 29.1609
16 27 25.6656
16 28 22.1107
16 29 18.3913
16 30 14.2979
16 31 9.27708
17 0 14.847
17 1 20.3272
17 2 23.9219
17 3 26.9781
17 4 29.9483
17 5 32.751
17 6 35.0722
17 7 37.712
17 8 40.0027
17 9 42.0972
17 10 44.1517
17 11 45.9548
17 12 47.6392
17 13 49.2365
17 14 50.4429
17 15 51.5399
17 16 52.0619
17 17 52.4037
17 18 52.2744
17 19 51.7203
17 20 50.2494
17 21 47.4095
17 22 44.0107
17 23 40.4487
17 24 36.8563
17 25 33.2813
17 26 29.7278
17 27 26.1691
17 28 22.5472
17 29 18.7556
17 30 14.5813
17 31 9.46056
18 0 15.1533
18 1 20.7216
18 2 24.4797
18 3 27.7274
18 4 30.6355
18 5 33.3196
18 6 35.9826
18 7 38.4214
18 8 40.8397
18 9 42.9785
18 10 44.9625
18 11 46.7754
18 12 48.6307
18 13 50.13
18 14 51.4115
18 15 52.2948
18 16 53.0289
18 17 53.2067
18 18 53.0857
18 19 52.6649
18 20 51.0265
18 21 48.1679
18 22 44.7191
18 23 41.113
18 24 37.4752
18 25 33.8517
18 26 30.2461
18 27 26.6316
18 28 22.9497
18 29 19.0927
18 30 14.8443
18 31 9.6313
19 0 15.4589
19 1 21.1234
19 2 24.9092
19 3 28.1426
19 4 31.0498
19 5 33.697
19 6 36.508
19 7 39.0017
19 8 41.5508
19 9 43.6816
19 10 45.7152
19 11 47.5724
19 12 49.3424
19 13 50.9459
19 14 52.2087
19 15 53.022
19 16 53.7727
19 17 54.0299
19 18 54.0165
19 19 53.367
19 20 51.8966
19 21 48.8435
19 22 45.3524
19 23 41.7106
19 24 38.0354
19 25 34.3707
19 26 30.72
19 27 27.0563
19 28 23.3207
19 29 19.4044
19 30 15.0882
19 31 9.79009
20 0 15.7473
20 1 21.4446
20 2 25.5002
20 3 28.6307
20 4 31.5131
20 5 34.3975
20 6 37.1279
20 7 39.7392
20 8 42.1058
20 9 44.348
20 10 46.4708
20 11 48.3505
20 12 50.1453
20 13 51.6456
20 14 52.8317
20 15 53.8295
20 16 54.7098
20 17 54.9486
20 18 54.7672
20 19 53.9716
20 20 52.4709
20 21 49.439
20 22 45.9181
20 23 42.2483
20 24 38.5424
20 25 34.843
20 26 31.1532
20 27 27.4462
20 28 23.6625
20 29 19.6926
20 30 15.3144
20 31 9.93768
21 0 16
21 1 21.9808
21 2 26.0411
21 3 29.3156
21 4 32.3541
21 5 35.0733
21 6 37.816
21 7 40.425
21 8 42.7374
21 9 45.0664
21 10 47.1081
21 11 49.0505
21 12 50.762
21 13 52.4414
21 14 53.7337
21 15 54.5796
21 16 55.3284
21 17 55.763
21 18 55.4157
21 19 54.7956
21 20 53.0231
21 21 49.9662
21 22 46.4235
21 23 42.7321
21 24 39.0013
21 25 35.2727
21 26 31.5493
21 27 27.804
21 28 23.9774
21 29 19.9588
21 30 15.5239
21 31 10.0748
22 0 16.3336
22 1 22.2755
22 2 26.3583
22 3 29.8613
22 4 32.8477
22 5 35.4801
22 6 38.3588
22 7 40.8843
22 8 43.311
22 9 45.6833
22 10 47.8863
22 11 49.84
22 12 51.4532
22 13 53.1172
22 14 54.4441
22 15 55.3168
22 16 55.972
22 17 56.219
22 18 56.0829
22 19 55.2771
22 20 53.5985
22 21 50.4359
22 22 46.875
22 23 43.1674
22 24 39.4168
22 25 35.6638
22 26 31.9113
22 27 28.1324
22 28 24.2674
22 29 20.2047
22 30 15.718
22 31 10.2021
23 0 16.5488
23 1 22.5981
23 2 26.8396
23 3 30.2271
23 4 33.1984
23 5 36.1953
23 6 38.8642
23 7 41.1654
23 8 43.8905
23 9 46.2698
23 10 48.446
23 11 50.4726
23 12 52.1327
23 13 53.5852
23 14 55.0775
23 15 55.8277
23 16 56.4561
23 17 56.801
23 18 56.6455
23 19 55.9227
23 20 54.0418
23 21 50.8509
23 22 47.2783
23 23 43.5591
23 24 39.793
23 25 36.0197
23 26 32.2422
23 27 28.4337
23 28 24.5343
23 29 20.4318
23 30 15.8977
23 31 10.3202
24 0 16.7823
24 1 22.8672
24 2 27.171
24 3 30.3852
24 4 33.5969
24 5 36.611
24 6 39.0499
24 7 41.6377
24 8 44.3949
24 9 46.8275
24 10 48.9969
24 11 50.9151
24 12 52.6853
24 13 54.2671
24 14 55.5759
24 15 56.4009
24 16 57.2035
24 17 57.4181
24 18 56.9795
24 19 56.3311
24 20 54.4181
24 21 51.2171
24 22 47.6388
24 23 43.9118
24 24 40.1336
24 25 36.3436
24 26 32.5447
24 27 28.7101
24 28 24.78
24 29 20.6415
24 30 16.064
24 31 10.4298
25 0 16.9821
25 1 23.159
25 2 27.4552
25 3 30.9453
25 4 33.8689
25 5 36.9688
25 6 39.6981
25 7 42.3043
25 8 44.7907
25 9 47.1834
25 10 49.4029
25 11 51.504
25 12 53.3208
25 13 54.7926
25 14 55.9979
25 15 56.9641
25 16 57.6931
25 17 57.9271
25 18 57.4816
25 19 56.4949
25 20 54.7428
25 21 51.5416
25 22 47.9611
25 23 44.2294
25 24 40.4423
25 25 36.6385
25 26 32.8212
25 27 28.9637
25 28 25.0062
25 29 20.835
25 30 16.2178
25 31 10.5314
26 0 17.209
26 1 23.5126
26 2 27.803
26 3 31.0425
26 4 34.3171
26 5 37.4053
26 6 40.1551
26 7 42.7945
26 8 45.152
26 9 47.7601
26 10 49.9089
26 11 51.9611
26 12 53.7891
26 13 55.3246
26 14 56.5914
26 15 57.4463
26 16 58.1666
26 17 58.2544
26 18 58.0815
26 19 56.9566
26 20 55.0476
26 21 51.8313
26 22 48.2497
26 23 44.5157
26 24 40.722
26 25 36.907
26 26 33.074
26 27 29.1964
26 28 25.2143
26 29 21.0136
26 30 16.3602
26 31 10.6256
27 0 17.4279
27 1 23.7368
27 2 28.0547
27 3 31.3812
27 4 34.5238
27 5 37.6443
27 6 40.2676
27 7 43.1776
27 8 45.7489
27 9 48.1489
27 10 50.3336
27 11 52.2679
27 12 54.136
27 13 55.5915
27 14 56.958
27 15 57.9009
27 16 58.5875
27 17 58.741
27 18 58.3662
27 19 57.4846
27 20 55.326
27 21 52.0897
27 22 48.5083
27 23 44.7738
27 24 40.9756
27 25 37.1517
27 26 33.3052
27 27 29.41
27 28 25.4059
27 29 21.1784
27 30 16.4919
27 31 10.713
28 0 17.6387
28 1 24.0179
28 2 28.3504
28 3 31.8612
28 4 34.8689
28 5 37.906
28 6 40.703
28 7 43.6345
28 8 46.217
28 9 48.4214
28 10 50.7002
28 11 52.7848
28 12 54.4602
28 13 56.0193
28 14 57.415
28 15 58.2222
28 16 58.933
28 17 59.0529
28 18 58.8384
28 19 57.7212
28 20 55.5587
28 21 52.3184
28 22 48.7401
28 23 45.0068
28 24 41.2058
28 25 37.3746
28 26 33.5168
28 27 29.606
28 28 25.5822
28 29 21.3304
28 30 16.6137
28 31 10.7939
29 0 17.7559
29 1 24.213
29 2 28.5073
29 3 31.9704
29 4 35.085
29 5 38.379
29 6 41.291
29 7 44.0266
29 8 46.6376
29 9 48.8041
29 10 51.1202
29 11 53.1637
29 12 54.8724
29 13 56.47
29 14 57.6815
29 15 58.4594
29 16 59.0566
29 17 59.3502
29 18 59.0008
29 19 57.911
29 20 55.756
29 21 52.5205
29 22 48.9478
29 23 45.2172
29 24 41.4147
29 25 37.5779
29 26 33.7103
29 27 29.7859
29 28 25.7446
29 29 21.4708
29 30 16.7263
29 31 10.8689
30 0 17.8634
30 1 24.3953
30 2 28.8441
30 3 32.2971
30 4 35.4456
30 5 38.756
30 6 41.6935
30 7 44.3206
30 8 46.9961
30 9 49.2454
30 10 51.6102
30 11 53.5759
30 12 55.3426
30 13 56.7652
30 14 58.1463
30 15 58.7768
30 16 59.3723
30 17 59.5816
30 18 59.2209
30 19 58.1251
30 20 55.932
30 21 52.6998
30 22 49.1341
30 23 45.4073
30 24 41.6046
30 25 37.7635
30 26 33.8876
30 27 29.9512
30 28 25.894
30 29 21.6003
30 30 16.8305
30 31 10.9384
31 0 18.0208
31 1 24.5982
31 2 29.0701
31 3 32.647
31 4 35.8104
31 5 39.0256
31 6 41.8319
31 7 44.5251
31 8 47.3062
31 9 49.6989
31 10 51.9434
31 11 53.9593
31 12 55.655
31 13 57.1927
31 14 58.4376
31 15 59.2873
31 16 59.8186
31 17 59.9807
31 18 59.4375
31 19 58.5037
31 20 56.0888
31 21 52.8593
31 22 49.3015
31 23 45.5794
31 24 41.7773
31 25 37.9328
31 26 34.0499
31 27 30.1029
31 28 26.0316
31 29 21.7198
31 30 16.9268
31 31 11.0028
32 0 18.2107
32 1 24.89
32 2 29.2166
32 3 32.9583
32 4 36.0858
32 5 39.1696
32 6 42.1885
32 7 44.9319
32 8 47.6717
32 9 50.0916
32 10 52.1515
32 11 54.2474
32 12 55.9944
32 13 57.3379
32 14 58.5536
32 15 59.418
32 16 59.939
32 17 60.0849
32 18 59.6685
32 19 58.4139
32 20 56.2173
32 21 53.0017
32 22 49.4525
32 23 45.7353
32 24 41.9344
32 25 38.0875
32 26 34.1987
32 27 30.2424
32 28 26.1584
32 29 21.8301
32 30 17.0159
32 31 11.0625
33 0 18.403
33 1 25.1246
33 2 29.6207
33 3 33.3821
33 4 36.6067
33 5 39.3983
33 6 42.3926
33 7 45.2571
33 8 47.9675
33 9 50.2975
33 10 52.4125
33 11 54.3898
33 12 56.1014
33 13 57.5868
33 14 58.9145
33 15 59.8959
33 16 60.2425
33 17 60.3942
33 18 60.0274
33 19 58.6366
33 20 56.3374
33 21 53.1297
33 22 49.5888
33 23 45.8768
33 24 42.0776
33 25 38.2289
33 26 34.335
33 27 30.3705
33 28 26.2751
33 29 21.9319
33 30 17.0983
33 31 11.1177
34 0 18.5997
34 1 25.3617
34 2 29.8729
34 3 33.649
34 4 36.8679
34 5 39.8276
34 6 42.7593
34 7 45.5209
34 8 48.1622
34 9 50.5261
34 10 52.7516
34 11 54.7557
34 12 56.4708
34 13 57.8744
34 14 59.0623
34 15 60.1247
34 16 60.634
34 17 60.5905
34 18 60.0781
34 19 58.7691
34 20 56.4489
34 21 53.2454
34 22 49.7121
34 23 46.0053
34 24 42.2081
34 25 38.3582
34 26 34.4601
34 27 30.4884
34 28 26.3827
34 29 22.0259
34 30 17.1744
34 31 11.1689
35 0 18.6766
35 1 25.483
35 2 30.0656
35 3 33.7996
35 4 37.1731
35 5 40.1685
35 6 43.0571
35 7 45.8003
35 8 48.2448
35 9 50.6832
35 10 52.9187
35 11 54.9593
35 12 56.6829
35 13 58.1887
35 14 59.3663
35 15 60.299
35 16 60.7045
35 17 60.9833
35 18 60.4347
35 19 59.096
35 20 56.5516
35 21 53.3498
35 22 49.8239
35 23 46.1223
35 24 42.3273
35 25 38.4766
35 26 34.5749
35 27 30.5968
35 28 26.4818
35 29 22.1127
35 30 17.2449
35 31 11.2163
36 0 18.7913
36 1 25.5812
36 2 30.2079
36 3 33.8169
36 4 37.1946
36 5 40.3118
36 6 43.142
36 7 46.0719
36 8 48.5266
36 9 50.9032
36 10 53.0387
36 11 55.131
36 12 56.9497
36 13 58.37
36 14 59.4642
36 15 60.5255
36 16 61.0599
36 17 61.2243
36 18 60.5299
36 19 59.2698
36 20 56.6386
36 21 53.4437
36 22 49.9252
36 23 46.2288
36 24 42.4361
36 25 38.5851
36 26 34.6803
36 27 30.6965
36 28 26.5732
36 29 22.1929
36 30 17.3101
36 31 11.2603
37 0 18.8302
37 1 25.604
37 2 30.2844
37 3 33.9836
37 4 37.3987
37 5 40.2078
37 6 43.4528
37 7 46.2436
37 8 48.7326
37 9 51.1777
37 10 53.2467
37 11 55.2536
37 12 57.0967
37 13 58.5188
37 14 59.6955
37 15 60.7688
37 16 61.0802
37 17 61.3864
37 18 60.7232
37 19 59.2106
37 20 56.7126
37 21 53.528
37 22 50.0172
37 23 46.3258
37 24 42.5356
37 25 38.6845
37 26 34.7771
37 27 30.7882
37 28 26.6575
37 29 22.2669
37 30 17.3704
37 31 11.301
38 0 18.993
38 1 25.7717
38 2 30.4586
38 3 34.0223
38 4 37.4768
38 5 40.3719
38 6 43.5708
38 7 46.4147
38 8 49.0335
38 9 51.2898
38 10 53.4157
38 11 55.5022
38 12 57.3431
38 13 58.7282
38 14 59.8503
38 15 60.9104
38 16 61.3167
38 17 61.3932
38 18 60.915
38 19 59.3942
38 20 56.7795
38 21 53.6041
38 22 50.1008
38 23 46.4144
38 24 42.6266
38 25 38.7756
38 26 34.866
38 27 30.8727
38 28 26.7352
38 29 22.3352
38 30 17.4261
38 31 11.3386
39 0 19.1001
39 1 25.9019
39 2 30.6016
39 3 34.3556
39 4 37.709
39 5 40.8259
39 6 43.7709
39 7 46.5447
39 8 49.1259
39 9 51.5541
39 10 53.6438
39 11 55.5735
39 12 57.5242
39 13 58.9666
39 14 60.2081
39 15 61.0099
39 16 61.361
39 17 61.5526
39 18 60.895
39 19 59.4438
39 20 56.8392
39 21 53.6728
39 22 50.1768
39 23 46.4952
39 24 42.7099
39 25 38.8591
39 26 34.9477
39 27 30.9504
39 28 26.8068
39 29 22.3983
39 30 17.4776
39 31 11.3735
40 0 19.216
40 1 26.0035
40 2 30.6888
40 3 34.5303
40 4 37.7818
40 5 41.0396
40 6 43.8297
40 7 46.5137
40 8 49.2251
40 9 51.6656
40 10 53.8987
40 11 55.7364
40 12 57.628
40 13 59.147
40 14 60.2898
40 15 61.0244
40 16 61.5715
40 17 61.4558
40 18 60.9101
40 19 59.4861
40 20 56.8924
40 21 53.7351
40 22 50.2459
40 23 46.5689
40 24 42.7862
40 25 38.9358
40 26 35.0227
40 27 31.0219
40 28 26.8728
40 29 22.4565
40 30 17.5253
40 31 11.4058
41 0 19.2705
41 1 26.2072
41 2 30.7149
41 3 34.4039
41 4 37.7435
41 5 41.1867
41 6 44.1783
41 7 46.9366
41 8 49.3093
41 9 51.7357
41 10 53.9608
41 11 55.9291
41 12 57.5958
41 13 59.2835
41 14 60.4594
41 15 61.3505
41 16 61.6664
41 17 61.6862
41 18 61.0957
41 19 59.5241
41 20 56.9403
41 21 53.7917
41 22 50.309
41 23 46.6364
41 24 42.856
41 25 39.0061
41 26 35.0917
41 27 31.0878
41 28 26.9336
41 29 22.5103
41 30 17.5693
41 31 11.4357
42 0 19.2946
42 1 26.3598
42 2 30.9057
42 3 34.5912
42 4 37.9355
42 5 41.3816
42 6 44.346
42 7 47.0067
42 8 49.466
42 9 51.8667
42 10 53.9162
42 11 56.0545
42 12 57.7241
42 13 59.2324
42 14 60.5683
42 15 61.2694
42 16 61.8795
42 17 61.663
42 18 61.0038
42 19 59.5563
42 20 56.9839
42 21 53.8432
42 22 50.3665
42 23 46.698
42 24 42.9199
42 25 39.0706
42 26 35.1551
42 27 31.1484
42 28 26.9897
42 29 22.5599
42 30 17.6099
42 31 11.4633
43 0 19.4093
43 1 26.3814
43 2 31.0904
43 3 34.7305
43 4 38.2518
43 5 41.4036
43 6 44.3604
43 7 47.0442
43 8 49.5106
43 9 51.7363
43 10 54.113
43 11 56.0672
43 12 57.7859
43 13 59.4173
43 14 60.4974
43 15 61.3258
43 16 61.7145
43 17 61.9024
43 18 61.2959
43 19 59.5907
43 20 57.0237
43 21 53.8901
43 22 50.4189
43 23 46.7543
43 24 42.9785
43 25 39.1298
43 26 35.2133
43 27 31.2041
43 28 27.0413
43 29 22.6056
43 30 17.6474
43 31 11.4888
44 0 19.4623
44 1 26.4048
44 2 31.2893
44 3 35.0272
44 4 38.3731
44 5 41.6219
44 6 44.5341
44 7 46.86
44 8 49.3752
44 9 52.0418
44 10 54.3423
44 11 56.1733
44 12 57.886
44 13 59.4344
44 14 60.694
44 15 61.4732
44 16 61.8383
44 17 61.8117
44 18 61.3334
44 19 59.6217
44 20 57.06
44 21 53.9328
44 22 50.4667
44 23 46.8058
44 24 43.0321
44 25 39.184
44 26 35.2668
44 27 31.2553
44 28 27.0888
44 29 22.6477
44 30 17.682
44 31 11.5123
45 0 19.5655
45 1 26.5587
45 2 31.3843
45 3 35.174
45 4 38.5102
45 5 41.804
45 6 44.648
45 7 47.2151
45 8 49.5856
45 9 52.1744
45 10 54.291
45 11 56.2084
45 12 58.1378
45 13 59.4352
45 14 60.7768
45 15 61.5054
45 16 61.9096
45 17 61.9579
45 18 61.3539
45 19 59.6469
45 20 57.0925
45 21 53.9715
45 22 50.5103
45 23 46.8528
45 24 43.0811
45 25 39.2337
45 26 35.3158
45 27 31.3024
45 28 27.1325
45 29 22.6865
45 30 17.7139
45 31 11.534
46 0 19.6244
46 1 26.5858
46 2 31.3821
46 3 35.2882
46 4 38.7375
46 5 41.886
46 6 44.6537
46 7 47.3197
46 8 49.8825
46 9 52.2615
46 10 54.2664
46 11 56.2811
46 12 58.1849
46 13 59.5554
46 14 60.6941
46 15 61.5708
46 16 62.0226
46 17 62.0189
46 18 61.1813
46 19 59.6672
46 20 57.1215
46 21 54.0066
46 22 50.55
46 23 46.8957
46 24 43.126
46 25 39.2792
46 26 35.3608
46 27 31.3455
46 28 27.1726
46 29 22.7221
46 30 17.7433
46 31 11.554
47 0 19.6654
47 1 26.679
47 2 31.4291
47 3 35.3332
47 4 38.6697
47 5 41.9319
47 6 44.7984
47 7 47.181
47 8 49.9545
47 9 52.3005
47 10 54.6153
47 11 56.4074
47 12 58.1949
47 13 59.8104
47 14 60.8074
47 15 61.5626
47 16 62.0311
47 17 61.8403
47 18 61.3736
47 19 59.6867
47 20 57.1475
47 21 54.0383
47 22 50.5861
47 23 46.9349
47 24 43.1669
47 25 39.3209
47 26 35.4019
47 27 31.3851
47 28 27.2094
47 29 22.7548
47 30 17.7702
47 31 11.5724
48 0 19.7546
48 1 26.7979
48 2 31.4146
48 3 35.4818
48 4 38.8922
48 5 42.0225
48 6 44.9
48 7 47.5226
48 8 50.1824
48 9 52.47
48 10 54.6666
48 11 56.5166
48 12 58.3331
48 13 59.8438
48 14 60.9011
48 15 61.577
48 16 61.7398
48 17 61.8931
48 18 61.382
48 19 59.7025
48 20 57.1705
48 21 54.067
48 22 50.6189
48 23 46.9705
48 24 43.2043
48 25 39.3589
48 26 35.4395
48 27 31.4213
48 28 27.2431
48 29 22.7848
48 30 17.7949
48 31 11.5893
49 0 19.7881
49 1 26.7723
49 2 31.5437
49 3 35.5726
49 4 39.0399
49 5 41.9889
49 6 44.6441
49 7 47.6343
49 8 50.2652
49 9 52.5445
49 10 54.7191
49 11 56.6209
49 12 58.378
49 13 59.7625
49 14 60.8275
49 15 61.513
49 16 61.9854
49 17 62.0489
49 18 61.2545
49 19 59.7149
49 20 57.1914
49 21 54.0931
49 22 50.6488
49 23 47.003
49 24 43.2383
49 25 39.3935
49 26 35.4739
49 27 31.4543
49 28 27.2738
49 29 22.8122
49 30 17.8175
49 31 11.6047
50 0 19.8714
50 1 26.9529
50 2 31.7078
50 3 35.6349
50 4 39.0357
50 5 42.1078
50 6 45.0071
50 7 47.541
50 8 50.1821
50 9 52.3755
50 10 54.698
50 11 56.6464
50 12 58.3212
50 13 59.7452
50 14 61.0158
50 15 61.5406
50 16 61.9073
50 17 61.855
50 18 61.2437
50 19 59.7278
50 20 57.2106
50 21 54.1169
50 22 50.6759
50 23 47.0325
50 24 43.2693
50 25 39.425
50 26 35.5051
50 27 31.4844
50 28 27.3019
50 29 22.8372
50 30 17.8381
50 31 11.6188
51 0 19.897
51 1 27.0266
51 2 31.6466
51 3 35.448
51 4 39.1384
51 5 42.2602
51 6 45.1146
51 7 47.5769
51 8 49.8866
51 9 52.2271
51 10 54.6236
51 11 56.7758
51 12 58.5052
51 13 59.8227
51 14 60.9489
51 15 61.7783
51 16 62.0025
51 17 62.153
51 18 61.3988
51 19 59.7428
51 20 57.2284
51 21 54.1384
51 22 50.7004
51 23 47.0591
51 24 43.2973
51 25 39.4536
51 26 35.5334
51 27 31.5117
51 28 27.3273
51 29 22.8599
51 30 17.8569
51 31 11.6317
52 0 19.94
52 1 27.0497
52 2 31.8508
52 3 35.6321
52 4 39.1056
52 5 42.3144
52 6 45.2254
52 7 47.7701
52 8 50.0993
52 9 52.3273
52 10 54.529
52 11 56.6568
52 12 58.4149
52 13 59.9576
52 14 60.8986
52 15 61.695
52 16 61.9999
52 17 62.0547
52 18 61.4199
52 19 59.7573
52 20 57.2449
52 21 54.158
52 22 50.7226
52 23 47.0832
52 24 43.3226
52 25 39.4794
52 26 35.559
52 27 31.5364
52 28 27.3503
52 29 22.8804
52 30 17.8738
52 31 11.6433
53 0 19.9782
53 1 27.1451
53 2 31.8268
53 3 35.5218
53 4 39.1503
53 5 42.13
53 6 45.176
53 7 47.8768
53 8 50.2589
53 9 52.2854
53 10 54.8061
53 11 56.693
53 12 58.4368
53 13 59.8585
53 14 60.8865
53 15 61.6094
53 16 61.6851
53 17 62.1735
53 18 61.4319
53 19 59.7695
53 20 57.2599
53 21 54.1756
53 22 50.7425
53 23 47.1049
53 24 43.3453
53 25 39.5025
53 26 35.582
53 27 31.5586
53 28 27.371
53 29 22.8989
53 30 17.8891
53 31 11.6537
54 0 19.9082
54 1 27.0434
54 2 31.8535
54 3 35.704
54 4 39.198
54 5 42.3028
54 6 45.2316
54 7 47.8656
54 8 50.2797
54 9 52.3479
54 10 54.8206
54 11 56.9143
54 12 58.439
54 13 60.0035
54 14 60.9317
54 15 61.3185
54 16 61.9727
54 17 62.2426
54 18 61.3511
54 19 59.7795
54 20 57.273
54 21 54.1913
54 22 50.7603
54 23 47.1242
54 24 43.3656
54 25 39.5232
54 26 35.6025
54 27 31.5784
54 28 27.3896
54 29 22.9154
54 30 17.9028
54 31 11.6631
55 0 19.9774
55 1 27.1063
55 2 31.9375
55 3 35.6996
55 4 39.0325
55 5 42.2195
55 6 45.1324
55 7 47.8008
55 8 50.3279
55 9 52.531
55 10 54.8738
55 11 56.8656
55 12 58.5666
55 13 59.9399
55 14 60.933
55 15 61.3272
55 16 61.9066
55 17 62.0457
55 18 61.4425
55 19 59.7879
55 20 57.2842
55 21 54.2051
55 22 50.776
55 23 47.1413
55 24 43.3835
55 25 39.5415
55 26 35.6207
55 27 31.5959
55 28 27.406
55 29 22.93
55 30 17.9149
55 31 11.6714
56 0 19.997
56 1 27.0789
56 2 31.9077
56 3 35.8039
56 4 38.8935
56 5 41.8587
56 6 44.7589
56 7 47.6111
56 8 50.4409
56 9 52.7108
56 10 54.7056
56 11 56.6841
56 12 58.4287
56 13 59.875
56 14 60.9691
56 15 61.6136
56 16 62.1357
56 17 62.1393
56 18 61.4461
56 19 59.7938
56 20 57.2935
56 21 54.2169
56 22 50.7897
56 23 47.1562
56 24 43.3993
56 25 39.5576
56 26 35.6366
56 27 31.6113
56 28 27.4203
56 29 22.9429
56 30 17.9255
56 31 11.6787
57 0 19.9988
57 1 27.0667
57 2 31.7612
57 3 35.7765
57 4 39.0191
57 5 41.8568
57 6 44.8928
57 7 47.8178
57 8 50.5243
57 9 52.7198
57 10 54.963
57 11 56.778
57 12 58.5038
57 13 59.854
57 14 60.9597
57 15 61.6067
57 16 62.2821
57 17 62.1588
57 18 61.4388
57 19 59.7969
57 20 57.3012
57 21 54.2271
57 22 50.8016
57 23 47.1692
57 24 43.4129
57 25 39.5715
57 26 35.6504
57 27 31.6247
57 28 27.4328
57 29 22.954
57 30 17.9347
57 31 11.685
58 0 20.0055
58 1 27.2028
58 2 31.7857
58 3 35.6972
58 4 39.225
58 5 42.0553
58 6 45.0909
58 7 47.6753
58 8 50.5098
58 9 52.7359
58 10 55.007
58 11 56.8667
58 12 58.4719
58 13 59.8894
58 14 61.1382
58 15 61.7658
58 16 62.2228
58 17 61.7876
58 18 61.3668
58 19 59.7986
58 20 57.3076
58 21 54.2358
58 22 50.8117
58 23 47.1802
58 24 43.4245
58 25 39.5833
58 26 35.6622
58 27 31.636
58 28 27.4434
58 29 22.9634
58 30 17.9425
58 31 11.6904
59 0 19.9748
59 1 27.1112
59 2 31.9842
59 3 35.8221
59 4 39.2882
59 5 42.2236
59 6 44.9885
59 7 47.8536
59 8 50.3384
59 9 52.5022
59 10 54.8744
59 11 56.8401
59 12 58.4825
59 13 59.9391
59 14 61.1885
59 15 61.9616
59 16 61.9983
59 17 61.9597
59 18 61.4181
59 19 59.8016
59 20 57.3133
59 21 54.2432
59 22 50.8201
59 23 47.1894
59 24 43.4341
59 25 39.5931
59 26 35.6719
59 27 31.6454
59 28 27.4521
59 29 22.9713
59 30 17.949
59 31 11.6948
60 0 20.0159
60 1 27.2683
60 2 32.098
60 3 35.8018
60 4 39.1592
60 5 42.3904
60 6 45.2761
60 7 47.9732
60 8 50.1953
60 9 52.5185
60 10 54.918
60 11 56.9388
60 12 58.5989
60 13 60.0924
60 14 61.2879
60 15 61.8418
60 16 62.17
60 17 61.9847
60 18 61.4265
60 19 59.8063
60 20 57.3185
60 21 54.2492
60 22 50.8269
60 23 47.1967
60 24 43.4418
60 25 39.601
60 26 35.6796
60 27 31.6528
60 28 27.4591
60 29 22.9775
60 30 17.9542
60 31 11.6983
61 0 20.0915
61 1 27.3058
61 2 32.0787
61 3 35.9964
61 4 39.3636
61 5 42.4056
61 6 45.2861
61 7 48.1114
61 8 50.5427
61 9 52.7895
61 10 54.841
61 11 57.0706
61 12 58.5991
61 13 60.0118
61 14 61.1547
61 15 61.8791
61 16 62.179
61 17 62.1
61 18 61.4397
61 19 59.8116
61 20 57.3229
61 21 54.2539
61 22 50.832
61 23 47.2023
61 24 43.4476
61 25 39.6068
61 26 35.6855
61 27 31.6585
61 28 27.4643
61 29 22.9822
61 30 17.958
61 31 11.701
62 0 20.0981
62 1 27.3216
62 2 32.0923
62 3 36.0255
62 4 39.1509
62 5 42.2279
62 6 45.3873
62 7 48.1431
62 8 50.6092
62 9 52.9666
62 10 55.0851
62 11 57.1614
62 12 58.7406
62 13 60.0781
62 14 61.1382
62 15 61.773
62 16 62.1712
62 17 62.1149
62 18 61.4536
62 19 59.816
62 20 57.3261
62 21 54.2572
62 22 50.8356
62 23 47.2061
62 24 43.4515
62 25 39.6108
62 26 35.6894
62 27 31.6622
62 28 27.4679
62 29 22.9853
62 30 17.9606
62 31 11.7027
63 0 20.0768
63 1 27.3376
63 2 32.0445
63 3 36.0202
63 4 39.2951
63 5 42.4526
63 6 45.3333
63 7 47.9801
63 8 50.6195
63 9 52.9227
63 10 54.9503
63 11 57.1529
63 12 58.906
63 13 60.2744
63 14 60.9601
63 15 61.5688
63 16 61.9677
63 17 62.1724
63 18 61.4553
63 19 59.8178
63 20 57.3279
63 21 54.2591
63 22 50.8376
63 23 47.2082
63 24 43.4536
63 25 39.6129
63 26 35.6915
63 27 31.6642
63 28 27.4697
63 29 22.9869
63 30 17.9619
63 31 11.7036
64 0 20.0561
64 1 27.1928
64 2 31.9457
64 3 36.0046
64 4 39.1336
64 5 42.5444
64 6 45.1509
64 7 48.0322
64 8 50.606
64 9 52.8274
64 10 55.1379
64 11 57.246
64 12 58.9385
64 13 60.3314
64 14 61.245
64 15 61.6998
64 16 62.2055
64 17 62.0191
64 18 61.4457
64 19 59.8171
64 20 57.3282
64 21 54.2595
64 22 50.838
64 23 47.2085
64 24 43.4539
64 25 39.6132
64 26 35.6917
64 27 31.6644
64 28 27.4698
64 29 22.987
64 30 17.962
64 31 11.7037
65 0 20.1159
65 1 27.3318
65 2 32.1249
65 3 35.9752
65 4 39.3615
65 5 42.4077
65 6 45.352
65 7 48.0607
65 8 50.6076
65 9 52.7668
65 10 55.1319
65 11 57.2262
65 12 58.9045
65 13 60.3376
65 14 61.2711
65 15 61.9591
65 16 61.8701
65 17 62.1106
65 18 61.4428
65 19 59.815
65 20 57.3271
65 21 54.2584
65 22 50.8367
65 23 47.2071
65 24 43.4523
65 25 39.6115
65 26 35.69
65 27 31.6627
65 28 27.4683
65 29 22.9856
65 30 17.9608
65 31 11.7029
66 0 20.1484
66 1 27.3478
66 2 32.1354
66 3 35.8997
66 4 39.3171
66 5 42.4692
66 6 45.3735
66 7 47.9151
66 8 50.6434
66 9 53.0815
66 10 55.2869
66 11 57.1058
66 12 58.8358
66 13 60.2673
66 14 61.347
66 15 62.0622
66 16 62.2316
66 17 61.8038
66 18 61.4322
66 19 59.8128
66 20 57.3248
66 21 54.2558
66 22 50.8338
66 23 47.2039
66 24 43.4489
66 25 39.608
66 26 35.6865
66 27 31.6593
66 28 27.465
66 29 22.9827
66 30 17.9584
66 31 11.7012
67 0 20.1402
67 1 27.3287
67 2 32.047
67 3 35.9651
67 4 39.0891
67 5 42.4284
67 6 45.3771
67 7 48.0947
67 8 50.7557
67 9 53.1684
67 10 55.3
67 11 57.0548
67 12 58.8195
67 13 60.3219
67 14 61.3238
67 15 61.5608
67 16 62.3388
67 17 62.0712
67 18 61.4399
67 19 59.8103
67 20 57.3214
67 21 54.2519
67 22 50.8293
67 23 47.1989
67 24 43.4437
67 25 39.6026
67 26 35.681
67 27 31.654
67 28 27.46
67 29 22.9782
67 30 17.9547
67 31 11.6986
68 0 20.1062
68 1 27.194
68 2 32.1231
68 3 35.754
68 4 39.3244
68 5 42.1655
68 6 45.4184
68 7 48.1386
68 8 50.7301
68 9 53.1462
68 10 55.2522
68 11 57.0485
68 12 58.6966
68 13 60.1413
68 14 61.3494
68 15 61.8689
68 16 62.1722
68 17 62.1218
68 18 61.3523
68 19 59.8067
68 20 57.3172
68 21 54.2466
68 22 50.8232
68 23 47.1922
68 24 43.4365
68 25 39.5952
68 26 35.6736
68 27 31.6468
68 28 27.4533
68 29 22.9722
68 30 17.9497
68 31 11.6952
69 0 20.0852
69 1 27.2592
69 2 32.0173
69 3 35.8397
69 4 39.1917
69 5 42.3616
69 6 45.3466
69 7 48.1254
69 8 50.6557
69 9 53.0495
69 10 54.9303
69 11 56.8654
69 12 58.6049
69 13 60.2307
69 14 61.3563
69 15 61.8304
69 16 62.1653
69 17 61.7892
69 18 61.3126
69 19 59.8026
69 20 57.3121
69 21 54.24
69 22 50.8154
69 23 47.1836
69 24 43.4274
69 25 39.5858
69 26 35.6643
69 27 31.6377
69 28 27.4448
69 29 22.9645
69 30 17.9433
69 31 11.6908
70 0 19.9892
70 1 27.1198
70 2 31.9676
70 3 35.6014
70 4 39.0256
70 5 42.1661
70 6 45.3289
70 7 48.0128
70 8 50.6325
70 9 52.9311
70 10 54.9588
70 11 56.9284
70 12 58.6223
70 13 60.0165
70 14 61.2504
70 15 61.6736
70 16 61.9435
70 17 61.9762
70 18 61.4296
70 19 59.7999
70 20 57.306
70 21 54.2319
70 22 50.806
70 23 47.1731
70 24 43.4163
70 25 39.5744
70 26 35.6529
70 27 31.6267
70 28 27.4344
70 29 22.9553
70 30 17.9357
70 31 11.6856
71 0 19.9979
71 1 27.1171
71 2 31.9883
71 3 35.5878
71 4 39.2008
71 5 42.3351
71 6 45.269
71 7 47.9536
71 8 50.4338
71 9 52.9166
71 10 54.9174
71 11 56.7975
71 12 58.6331
71 13 59.9467
71 14 61.1322
71 15 61.9558
71 16 61.8741
71 17 62.0525
71 18 61.4403
71 19 59.7971
71 20 57.2988
71 21 54.2223
71 22 50.7946
71 23 47.1606
71 24 43.403
71 25 39.5608
71 26 35.6394
71 27 31.6136
71 28 27.4222
71 29 22.9443
71 30 17.9266
71 31 11.6793
72 0 19.966
72 1 27.0797
72 2 31.9125
72 3 35.853
72 4 39.1509
72 5 42.1976
72 6 45.0909
72 7 47.7978
72 8 50.1059
72 9 52.6744
72 10 54.9763
72 11 56.875
72 12 58.6759
72 13 59.8965
72 14 60.9978
72 15 61.8397
72 16 62.2718
72 17 62.119
72 18 61.4453
72 19 59.7927
72 20 57.2901
72 21 54.2109
72 22 50.7814
72 23 47.1461
72 24 43.3877
72 25 39.5451
72 26 35.6237
72 27 31.5984
72 28 27.408
72 29 22.9316
72 30 17.9161
72 31 11.6721
73 0 19.9376
73 1 27.1116
73 2 31.8175
73 3 35.661
73 4 38.8516
73 5 42.068
73 6 44.8195
73 7 47.7392
73 8 50.051
73 9 52.7527
73 10 54.8843
73 11 56.8826
73 12 58.4815
73 13 59.8559
73 14 60.9136
73 15 61.7998
73 16 61.8802
73 17 62.1553
73 18 61.441
73 19 59.7858
73 20 57.2798
73 21 54.1978
73 22 50.7661
73 23 47.1293
73 24 43.37
73 25 39.527
73 26 35.6057
73 27 31.5811
73 28 27.3918
73 29 22.9171
73 30 17.904
73 31 11.6639
74 0 19.9143
74 1 27.0563
74 2 31.8343
74 3 35.4365
74 4 38.8705
74 5 41.7064
74 6 44.7849
74 7 47.6259
74 8 50.2782
74 9 52.7455
74 10 54.8767
74 11 56.9204
74 12 58.4702
74 13 59.8775
74 14 61.0348
74 15 61.5761
74 16 62.0166
74 17 61.987
74 18 61.4314
74 19 59.7769
74 20 57.2675
74 21 54.1826
74 22 50.7488
74 23 47.1103
74 24 43.35
74 25 39.5066
74 26 35.5854
74 27 31.5615
74 28 27.3734
74 29 22.9007
74 30 17.8905
74 31 11.6546
75 0 19.8627
75 1 26.9526
75 2 31.7928
75 3 35.4519
75 4 38.6626
75 5 41.5848
75 6 44.5542
75 7 47.3322
75 8 50.2962
75 9 52.7829
75 10 54.7241
75 11 56.8597
75 12 58.5446
75 13 59.9433
75 14 61.0681
75 15 61.5598
75 16 62.143
75 17 61.9718
75 18 61.425
75 19 59.7662
75 20 57.2531
75 21 54.1653
75 22 50.7291
75 23 47.0889
75 24 43.3275
75 25 39.4837
75 26 35.5626
75 27 31.5395
75 28 27.3529
75 29 22.8824
75 30 17.8753
75 31 11.6442
76 0 19.8503
76 1 26.9821
76 2 31.6954
76 3 35.5041
76 4 38.5198
76 5 41.6055
76 6 44.8698
76 7 47.3967
76 8 50.2579
76 9 52.6701
76 10 54.8428
76 11 56.8142
76 12 58.4436
76 13 59.9688
76 14 60.9766
76 15 61.656
76 16 62.0565
76 17 62.1526
76 18 61.42
76 19 59.7535
76 20 57.2368
76 21 54.1458
76 22 50.707
76 23 47.065
76 24 43.3024
76 25 39.4581
76 26 35.5372
76 27 31.5149
76 28 27.33
76 29 22.862
76 30 17.8584
76 31 11.6326
77 0 19.8308
77 1 26.8302
77 2 31.5088
77 3 35.3657
77 4 38.6789
77 5 41.6147
77 6 44.8979
77 7 47.6047
77 8 50.0364
77 9 52.4873
77 10 54.7774
77 11 56.6553
77 12 58.3918
77 13 59.8794
77 14 61.11
77 15 61.6559
77 16 62.1439
77 17 62.081
77 18 61.3997
77 19 59.7385
77 20 57.2186
77 21 54.124
77 22 50.6824
77 23 47.0384
77 24 43.2745
77 25 39.4296
77 26 35.5091
77 27 31.4878
77 28 27.3046
77 29 22.8394
77 30 17.8398
77 31 11.6198
78 0 19.7173
78 1 26.8339
78 2 31.4459
78 3 35.1494
78 4 38.5488
78 5 41.681
78 6 44.8638
78 7 47.5748
78 8 50.1481
78 9 52.5068
78 10 54.6412
78 11 56.7139
78 12 58.4092
78 13 59.8262
78 14 60.8936
78 15 61.6593
78 16 62.0978
78 17 61.866
78 18 61.3799
78 19 59.722
78 20 57.1983
78 21 54.0999
78 22 50.6552
78 23 47.0089
78 24 43.2437
78 25 39.3983
78 26 35.478
78 27 31.4578
78 28 27.2767
78 29 22.8145
78 30 17.8192
78 31 11.6058
79 0 19.694
79 1 26.7067
79 2 31.3014
79 3 35.1213
79 4 38.6082
79 5 41.8386
79 6 44.8119
79 7 47.3389
79 8 50.1248
79 9 52.4179
79 10 54.5487
79 11 56.5529
79 12 58.3703
79 13 59.7002
79 14 60.8965
79 15 61.7884
79 16 62.0427
79 17 62.0468
79 18 61.2048
79 19 59.7042
79 20 57.1762
79 21 54.0734
79 22 50.6253
79 23 46.9765
79 24 43.2097
79 25 39.3637
79 26 35.4438
79 27 31.4249
79 28 27.2461
79 29 22.7872
79 30 17.7967
79 31 11.5904
80 0 19.6457
80 1 26.734
80 2 31.4101
80 3 35.1025
80 4 38.3788
80 5 41.6016
80 6 44.6129
80 7 47.4464
80 8 50.0958
80 9 52.3114
80 10 54.4192
80 11 56.4702
80 12 58.2406
80 13 59.6333
80 14 60.8924
80 15 61.5441
80 16 62.0555
80 17 61.955
80 18 61.178
80 19 59.6866
80 20 57.152
80 21 54.0443
80 22 50.5923
80 23 46.9408
80 24 43.1725
80 25 39.3258
80 26 35.4063
80 27 31.3888
80 28 27.2125
80 29 22.7573
80 30 17.772
80 31 11.5735
81 0 19.6296
81 1 26.6952
81 2 31.4099
81 3 35.1936
81 4 38.5948
81 5 41.6873
81 6 44.3226
81 7 47.3591
81 8 49.9663
81 9 52.2446
81 10 54.3339
81 11 56.3435
81 12 58.2396
81 13 59.6276
81 14 60.8224
81 15 61.4688
81 16 61.9178
81 17 61.8456
81 18 61.3546
81 19 59.6673
81 20 57.1254
81 21 54.0123
81 22 50.5562
81 23 46.9018
81 24 43.1316
81 25 39.2843
81 26 35.3652
81 27 31.3494
81 28 27.1757
81 29 22.7246
81 30 17.7451
81 31 11.5552
82 0 19.5667
82 1 26.6039
82 2 31.2999
82 3 35.2003
82 4 38.5168
82 5 41.6751
82 6 44.503
82 7 47.2659
82 8 49.7302
82 9 52.0922
82 10 54.181
82 11 56.3189
82 12 58.0169
82 13 59.5586
82 14 60.682
82 15 61.3867
82 16 61.6647
82 17 61.8207
82 18 61.0934
82 19 59.6423
82 20 57.0962
82 21 53.9773
82 22 50.5166
82 23 46.859
82 24 43.0869
82 25 39.2389
82 26 35.3204
82 27 31.3063
82 28 27.1357
82 29 22.6891
82 30 17.7158
82 31 11.5352
83 0 19.5511
83 1 26.5299
83 2 31.248
83 3 35.0586
83 4 38.2998
83 5 41.5889
83 6 44.3842
83 7 47.1527
83 8 49.701
83 9 51.8528
83 10 54.1291
83 11 56.1737
83 12 57.94
83 13 59.5311
83 14 60.5505
83 15 61.3565
83 16 61.7042
83 17 61.7435
83 18 61.0252
83 19 59.6172
83 20 57.0643
83 21 53.9389
83 22 50.4733
83 23 46.8122
83 24 43.038
83 25 39.1894
83 26 35.2714
83 27 31.2593
83 28 27.0921
83 29 22.6503
83 30 17.684
83 31 11.5135
84 0 19.4438
84 1 26.4714
84 2 31.1987
84 3 34.7954
84 4 38.2504
84 5 41.4208
84 6 43.9799
84 7 47.0278
84 8 49.6934
84 9 51.9037
84 10 54.0796
84 11 55.9592
84 12 57.8222
84 13 59.3794
84 14 60.575
84 15 61.3418
84 16 61.8705
84 17 61.6247
84 18 61.1271
84 19 59.5931
84 20 57.0295
84 21 53.8969
84 22 50.4259
84 23 46.761
84 24 42.9846
84 25 39.1352
84 26 35.2181
84 27 31.2081
84 28 27.0446
84 29 22.6083
84 30 17.6494
84 31 11.49
85 0 19.3116
85 1 26.3666
85 2 31.0105
85 3 34.8306
85 4 38.2287
85 5 41.2518
85 6 43.8888
85 7 46.8946
85 8 49.5832
85 9 51.801
85 10 53.9169
85 11 55.8499
85 12 57.6694
85 13 59.2099
85 14 60.3082
85 15 61.1848
85 16 61.6558
85 17 61.6113
85 18 60.9985
85 19 59.563
85 20 56.9913
85 21 53.8509
85 22 50.374
85 23 46.705
85 24 42.9262
85 25 39.0762
85 26 35.1599
85 27 31.1525
85 28 26.993
85 29 22.5626
85 30 17.6119
85 31 11.4645
86 0 19.2797
86 1 26.2506
86 2 30.8625
86 3 34.7247
86 4 38.0867
86 5 40.8308
86 6 43.9315
86 7 46.6204
86 8 49.3421
86 9 51.6853
86 10 53.8014
86 11 55.7746
86 12 57.5982
86 13 59.2285
86 14 60.2105
86 15 61.119
86 16 61.5726
86 17 61.6608
86 18 60.845
86 19 59.5286
86 20 56.9492
86 21 53.8004
86 22 50.3171
86 23 46.6437
86 24 42.8625
86 25 39.0118
86 26 35.0966
86 27 31.0919
86 28 26.937
86 29 22.513
86 30 17.5713
86 31 11.4369
87 0 19.2199
87 1 26.0701
87 2 30.6452
87 3 34.3771
87 4 37.8133
87 5 40.903
87 6 43.7354
87 7 46.361
87 8 49.0878
87 9 51.4506
87 10 53.6253
87 11 55.6699
87 12 57.4353
87 13 59.0366
87 14 60.2594
87 15 61.1385
87 16 61.5704
87 17 61.5177
87 18 60.8559
87 19 59.495
87 20 56.9029
87 21 53.7448
87 22 50.2547
87 23 46.5767
87 24 42.7929
87 25 38.9416
87 26 35.0277
87 27 31.0261
87 28 26.8762
87 29 22.4592
87 30 17.5272
87 31 11.407
88 0 19.1012
88 1 25.8982
88 2 30.5319
88 3 34.1577
88 4 37.3855
88 5 40.6857
88 6 43.5954
88 7 46.3518
88 8 48.7183
88 9 51.2895
88 10 53.5524
88 11 55.6207
88 12 57.292
88 13 58.7865
88 14 59.999
88 15 60.9492
88 16 61.4349
88 17 61.5766
88 18 60.9607
88 19 59.4576
88 20 56.8513
88 21 53.6835
88 22 50.1861
88 23 46.5032
88 24 42.7169
88 25 38.8651
88 26 34.9527
88 27 30.9546
88 28 26.8102
88 29 22.401
88 30 17.4796
88 31 11.3747
89 0 19.014
89 1 25.7277
89 2 30.4976
89 3 34.2206
89 4 37.2248
89 5 40.2674
89 6 43.5312
89 7 45.958
89 8 48.7631
89 9 51.2628
89 10 53.3343
89 11 55.4121
89 12 57.115
89 13 58.6317
89 14 60.0325
89 15 60.773
89 16 61.3828
89 17 61.4726
89 18 60.7304
89 19 59.4077
89 20 56.7934
89 21 53.6157
89 22 50.1107
89 23 46.4228
89 24 42.6337
89 25 38.7815
89 26 34.8709
89 27 30.8768
89 28 26.7385
89 29 22.3378
89 30 17.428
89 31 11.3398
90 0 18.8718
90 1 25.69
90 2 30.3508
90 3 34.1099
90 4 37.406
90 5 40.118
90 6 43.2935
90 7 46.026
90 8 48.5713
90 9 51.0094
90 10 53.2168
90 11 55.2739
90 12 57.0299
90 13 58.6051
90 14 59.84
90 15 60.7747
90 16 61.2783
90 17 61.0988
90 18 60.5582
90 19 59.3465
90 20 56.7274
90 21 53.5404
90 22 50.0276
90 23 46.3345
90 24 42.5428
90 25 38.6904
90 26 34.782
90 27 30.7923
90 28 26.6608
90 29 22.2694
90 30 17.3722
90 31 11.3021
91 0 18.7035
91 1 25.4696
91 2 30.1192
91 3 33.8972
91 4 37.2843
91 5 40.1527
91 6 43.065
91 7 45.5838
91 8 48.4407
91 9 50.9184
91 10 53.1171
91 11 55.0321
91 12 56.8342
91 13 58.3779
91 14 59.6206
91 15 60.4065
91 16 61.0569
91 17 60.9116
91 18 60.4611
91 19 59.1069
91 20 56.652
91 21 53.4568
91 22 49.936
91 23 46.2375
91 24 42.4433
91 25 38.591
91 26 34.6851
91 27 30.7004
91 28 26.5764
91 29 22.1953
91 30 17.3119
91 31 11.2614
92 0 18.5632
92 1 25.2782
92 2 29.7803
92 3 33.7247
92 4 37.0222
92 5 39.7534
92 6 42.8339
92 7 45.5531
92 8 48.2749
92 9 50.6914
92 10 52.9325
92 11 54.8142
92 12 56.5704
92 13 58.1708
92 14 59.4239
92 15 60.39
92 16 60.9766
92 17 60.9675
92 18 60.3683
92 19 59.0618
92 20 56.5683
92 21 53.3639
92 22 49.8348
92 23 46.131
92 24 42.3343
92 25 38.4823
92 26 34.5795
92 27 30.6005
92 28 26.4849
92 29 22.1151
92 30 17.2467
92 31 11.2174
93 0 18.4846
93 1 25.2443
93 2 29.6701
93 3 33.2933
93 4 36.7805
93 5 39.6236
93 6 42.6137
93 7 45.1461
93 8 47.9554
93 9 50.5419
93 10 52.706
93 11 54.6802
93 12 56.3994
93 13 57.9764
93 14 59.158
93 15 60.0664
93 16 60.766
93 17 60.7487
93 18 60.121
93 19 58.8498
93 20 56.4742
93 21 53.2606
93 22 49.723
93 23 46.0137
93 24 42.2148
93 25 38.3636
93 26 34.4645
93 27 30.492
93 28 26.3856
93 29 22.0282
93 30 17.1761
93 31 11.1699
94 0 18.3648
94 1 25.0235
94 2 29.488
94 3 33.0873
94 4 36.528
94 5 39.4056
94 6 42.4013
94 7 45.1745
94 8 47.7222
94 9 50.1582
94 10 52.3404
94 11 54.3735
94 12 56.0419
94 13 57.6837
94 14 58.8189
94 15 59.7736
94 16 60.5392
94 17 60.6249
94 18 59.9901
94 19 59.0222
94 20 56.3739
94 21 53.1454
94 22 49.5991
94 23 45.8846
94 24 42.0837
94 25 38.2339
94 26 34.3391
94 27 30.3739
94 28 26.2778
94 29 21.934
94 30 17.0998
94 31 11.1187
95 0 18.2328
95 1 24.8558
95 2 29.3326
95 3 32.8058
95 4 36.3338
95 5 39.1744
95 6 42.1405
95 7 44.7669
95 8 47.5245
95 9 49.8734
95 10 51.9843
95 11 54.0589
95 12 55.8395
95 13 57.4537
95 14 58.6326
95 15 59.7035
95 16 60.2935
95 17 60.2115
95 18 59.8177
95 19 58.8191
95 20 56.2537
95 21 53.0162
95 22 49.4618
95 23 45.7423
95 24 41.94
95 25 38.092
95 26 34.2024
95 27 30.2455
95 28 26.1609
95 29 21.8321
95 30 17.0173
95 31 11.0633
96 0 18.0794
96 1 24.7431
96 2 29.0012
96 3 32.8124
96 4 35.7836
96 5 39.0263
96 6 41.7392
96 7 44.6842
96 8 47.1525
96 9 49.5384
96 10 51.8307
96 11 53.7269
96 12 55.6106
96 13 57.1561
96 14 58.4464
96 15 59.3673
96 16 59.7936
96 17 60.058
96 18 59.4459
96 19 58.4385
96 20 56.1102
96 21 52.871
96 22 49.3093
96 23 45.5852
96 24 41.782
96 25 37.9368
96 26 34.0532
96 27 30.1057
96 28 26.0339
96 29 21.7216
96 30 16.9281
96 31 11.0036
97 0 17.9724
97 1 24.4912
97 2 28.9641
97 3 32.5645
97 4 35.5444
97 5 38.6738
97 6 41.6035
97 7 44.3555
97 8 47.0322
97 9 49.3657
97 10 51.57
97 11 53.4149
97 12 55.1785
97 13 56.8513
97 14 58.1634
97 15 59.0572
97 16 59.6204
97 17 59.5549
97 18 59.1511
97 19 58.3018
97 20 55.9503
97 21 52.7075
97 22 49.1395
97 23 45.4118
97 24 41.6085
97 25 37.7668
97 26 33.8905
97 27 29.9536
97 28 25.8961
97 29 21.6019
97 30 16.8317
97 31 10.9392
98 0 17.7884
98 1 24.2955
98 2 28.6962
98 3 32.3107
98 4 35.268
98 5 38.4815
98 6 41.3121
98 7 44.1481
98 8 46.6505
98 9 49.076
98 10 51.1258
98 11 53.1235
98 12 54.9057
98 13 56.433
98 14 57.7242
98 15 58.6849
98 16 59.0956
98 17 59.3331
98 18 59.0781
98 19 58.0124
98 20 55.7633
98 21 52.5229
98 22 48.9506
98 23 45.2201
98 24 41.4176
98 25 37.5807
98 26 33.7128
98 27 29.7881
98 28 25.7464
98 29 21.4723
98 30 16.7275
98 31 10.8696
99 0 17.6773
99 1 24.1205
99 2 28.377
99 3 31.9548
99 4 35.2119
99 5 38.282
99 6 41.1255
99 7 43.7473
99 8 46.3316
99 9 48.6322
99 10 50.7091
99 11 52.8
99 12 54.477
99 13 56.0999
99 14 57.2706
99 15 58.2184
99 16 58.7616
99 17 59.04
99 18 58.5683
99 19 57.6904
99 20 55.5431
99 21 52.3148
99 22 48.7402
99 23 45.0082
99 24 41.2077
99 25 37.3767
99 26 33.5188
99 27 29.6079
99 28 25.5839
99 29 21.3318
99 30 16.6147
99 31 10.7946
100 0 17.4574
100 1 23.8337
100 2 28.0591
100 3 31.5313
100 4 34.9306
100 5 37.9157
100 6 40.6713
100 7 43.4115
100 8 45.9265
100 9 48.2909
100 10 50.452
100 11 52.2714
100 12 54.0761
100 13 55.7227
100 14 56.8713
100 15 57.7968
100 16 58.4983
100 17 58.7083
100 18 58.1617
100 19 57.1656
100 20 55.2904
100 21 52.0815
100 22 48.5061
100 23 44.7738
100 24 40.9766
100 25 37.1531
100 26 33.3068
100 27 29.4116
100 28 25.4074
100 29 21.1796
100 30 16.4929
100 31 10.7136
101 0 17.1878
101 1 23.5148
101 2 27.8353
101 3 31.3855
101 4 34.591
101 5 37.5602
101 6 40.2055
101 7 42.99
101 8 45.6206
101 9 47.9061
101 10 49.9214
101 11 51.9183
101 12 53.6897
101 13 55.1414
101 14 56.4435
101 15 57.5265
101 16 58.0094
101 17 58.3554
101 18 57.9593
101 19 56.8805
101 20 55.0219
101 21 51.8212
101 22 48.2456
101 23 44.5143
101 24 40.7221
101 25 36.9079
101 26 33.0752
101 27 29.1978
101 28 25.2156
101 29 21.0147
101 30 16.3611
101 31 10.6262
102 0 17.0221
102 1 23.2189
102 2 27.4001
102 3 31.0457
102 4 34.297
102 5 37.1406
102 6 39.8992
102 7 42.5787
102 8 45.1556
102 9 47.4521
102 10 49.5288
102 11 51.5034
102 12 53.1429
102 13 54.5776
102 14 55.9277
102 15 57.0469
102 16 57.5707
102 17 57.8021
102 18 57.6513
102 19 56.6108
102 20 54.7266
102 21 51.5302
102 22 47.9554
102 23 44.227
102 24 40.4417
102 25 36.6389
102 26 32.8221
102 27 28.9649
102 28 25.0074
102 29 20.8361
102 30 16.2187
102 31 10.532
103 0 16.8457
103 1 22.9208
103 2 27.051
103 3 30.7604
103 4 33.9298
103 5 36.6688
103 6 39.4858
103 7 42.0845
103 8 44.71
103 9 46.9681
103 10 49.0248
103 11 50.9267
103 12 52.7778
103 13 54.1598
103 14 55.309
103 15 56.3952
103 16 57.122
103 17 57.3351
103 18 57.0657
103 19 56.1581
103 20 54.3869
103 21 51.2031
103 22 47.6318
103 23 43.9086
103 24 40.1326
103 25 36.3438
103 26 32.5454
103 27 28.7111
103 28 24.7811
103 29 20.6425
103 30 16.0648
103 31 10.4303
104 0 16.6069
104 1 22.5345
104 2 26.7324
104 3 30.39
104 4 33.3823
104 5 35.9547
104 6 38.8004
104 7 41.6185
104 8 44.1556
104 9 46.4844
104 10 48.5216
104 11 50.4284
104 12 52.1672
104 13 53.6242
104 14 54.8424
104 15 55.9711
104 16 56.6476
104 17 56.6731
104 18 56.4006
104 19 55.7207
104 20 53.9549
104 21 50.8344
104 22 47.2705
104 23 43.5555
104 24 39.7917
104 25 36.0198
104 26 32.2429
104 27 28.4347
104 28 24.5354
104 29 20.4329
104 30 15.8985
104 31 10.3207
105 0 16.3141
105 1 22.3069
105 2 26.3731
105 3 29.8493
105 4 32.9228
105 5 35.4309
105 6 38.3617
105 7 41.0182
105 8 43.5813
105 9 45.8498
105 10 47.9583
105 11 49.816
105 12 51.4009
105 13 52.9454
105 14 54.2903
105 15 55.3974
105 16 55.8792
105 17 56.1468
105 18 56.0043
105 19 55.3063
105 20 53.5635
105 21 50.418
105 22 46.8667
105 23 43.1639
105 24 39.4158
105 25 35.664
105 26 31.9121
105 27 28.1335
105 28 24.2685
105 29 20.2058
105 30 15.7188
105 31 10.2026
106 0 16.0375
106 1 21.8986
106 2 25.973
106 3 29.4182
106 4 32.3488
106 5 34.9894
106 6 37.9434
106 7 40.5134
106 8 42.8653
106 9 45.2492
106 10 47.2364
106 11 49.1261
106 12 50.8042
106 13 52.3137
106 14 53.7014
106 15 54.7537
106 16 55.398
106 17 55.6941
106 18 55.551
106 19 54.4985
106 20 53.045
106 21 49.9471
106 22 46.4159
106 23 42.7295
106 24 39.001
106 25 35.2734
106 26 31.5504
106 27 27.8053
106 28 23.9787
106 29 19.9599
106 30 15.5248
106 31 10.0754
107 0 15.6909
107 1 21.5534
107 2 25.5145
107 3 28.8971
107 4 31.7245
107 5 34.5602
107 6 37.2716
107 7 39.845
107 8 42.2169
107 9 44.422
107 10 46.5813
107 11 48.3235
107 12 50.0243
107 13 51.7405
107 14 53.0284
107 15 54.0475
107 16 54.7253
107 17 54.8717
107 18 54.8456
107 19 53.9828
107 20 52.339
107 21 49.42
107 22 45.9135
107 23 42.2476
107 24 38.5432
107 25 34.8444
107 26 31.1548
107 27 27.4477
107 28 23.664
107 29 19.6938
107 30 15.3153
107 31 9.93831
108 0 15.4054
108 1 21.1077
108 2 24.9617
108 3 28.2977
108 4 31.17
108 5 33.9853
108 6 36.4217
108 7 39.1638
108 8 41.5745
108 9 43.7321
108 10 45.7362
108 11 47.597
108 12 49.3211
108 13 50.7864
108 14 52.1643
108 15 53.1536
108 16 53.8499
108 17 54.1636
108 18 53.9736
108 19 53.2288
108 20 51.8808
108 21 48.8415
108 22 45.3536
108 23 41.7127
108 24 38.0377
108 25 34.373
108 26 30.7221
108 27 27.0582
108 28 23.3223
108 29 19.4057
108 30 15.0893
108 31 9.79077
109 0 15.1576
109 1 20.6564
109 2 24.3872
109 3 27.5548
109 4 30.4106
109 5 33.1215
109 6 35.9228
109 7 38.3574
109 8 40.8855
109 9 43.0899
109 10 45.1113
109 11 46.9623
109 12 48.5365
109 13 50.0305
109 14 51.325
109 15 52.3344
109 16 53.0691
109 17 53.1689
109 18 53.2132
109 19 52.6601
109 20 51.2138
109 21 48.1901
109 22 44.7281
109 23 41.1186
109 24 37.4794
109 25 33.855
109 26 30.2488
109 27 26.6338
109 28 22.9515
109 29 19.0942
109 30 14.8454
109 31 9.63202
110 0 14.7776
110 1 20.2915
110 2 23.9775
110 3 27.1834
110 4 30.0072
110 5 32.7295
110 6 35.0162
110 7 37.7667
110 8 40.0234
110 9 42.1801
110 10 44.2686
110 11 46.043
110 12 47.7491
110 13 49.1756
110 14 50.4539
110 15 51.3902
110 16 52.1197
110 17 52.2785
110 18 52.3838
110 19 51.7177
110 20 50.4226
110 21 47.4491
110 22 44.0276
110 23 40.4581
110 24 36.8624
110 25 33.2856
110 26 29.7311
110 27 26.1717
110 28 22.5493
110 29 18.7572
110 30 14.5825
110 31 9.46132
111 0 14.4131
111 1 19.7264
111 2 23.5009
111 3 26.5559
111 4 29.4443
111 5 31.9628
111 6 34.4593
111 7 36.9639
111 8 39.1923
111 9 41.3448
111 10 43.2738
111 11 45.0522
111 12 46.8257
111 13 48.2277
111 14 49.377
111 15 50.384
111 16 51.1642
111 17 51.3653
111 18 51.4621
111 19 50.8338
111 20 49.3985
111 21 46.6081
111 22 43.2425
111 23 39.723
111 24 36.1801
111 25 32.6597
111 26 29.1649
111 27 25.6686
111 28 22.113
111 29 18.3931
111 30 14.2992
111 31 9.27788
112 0 14.0408
112 1 19.1685
112 2 22.8649
112 3 25.9155
112 4 28.6786
112 5 30.934
112 6 33.5752
112 7 36.0312
112 8 38.2589
112 9 40.2954
112 10 42.3534
112 11 44.1829
112 12 45.7921
112 13 47.0183
112 14 48.3713
112 15 49.3322
112 16 49.7656
112 17 50.0855
112 18 50.1854
112 19 49.5983
112 20 48.3304
112 21 45.6663
112 22 42.3621
112 23 38.9039
112 24 35.425
112 25 31.9713
112 26 28.5456
112 27 25.1208
112 28 21.64
112 29 17.9997
112 30 13.9941
112 31 9.08086
113 0 13.6528
113 1 18.7155
113 2 22.2513
113 3 25.084
113 4 27.9051
113 5 30.0757
113 6 32.5292
113 7 35.0224
113 8 37.2138
113 9 39.2662
113 10 41.2128
113 11 42.9962
113 12 44.6136
113 13 45.9889
113 14 47.0509
113 15 47.9381
113 16 48.4916
113 17 48.9967
113 18 48.8847
113 19 48.5401
113 20 47.3957
113 21 44.6114
113 22 41.372
113 23 37.9894
113 24 34.5886
113 25 31.2141
113 26 27.8683
113 27 24.5248
113 28 21.1274
113 29 17.5749
113 30 13.6657
113 31 8.86938
114 0 13.2502
114 1 18.1293
114 2 21.6459
114 3 24.3592
114 4 27.0283
114 5 29.2412
114 6 31.8113
114 7 34.1361
114 8 36.2193
114 9 38.2845
114 10 40.0987
114 11 41.6474
114 12 43.2832
114 13 44.6228
114 14 45.5423
114 15 46.4669
114 16 47.2221
114 17 47.535
114 18 47.7043
114 19 47.0662
114 20 46.0933
114 21 43.3969
114 22 40.2519
114 23 36.9662
114 24 33.6614
114 25 30.3809
114 26 27.1278
114 27 23.8763
114 28 20.5721
114 29 17.1163
114 30 13.3124
114 31 8.64249
115 0 12.8529
115 1 17.5883
115 2 20.9929
115 3 23.758
115 4 26.1505
115 5 28.5589
115 6 30.8944
115 7 33.0216
115 8 35.0599
115 9 37.0084
115 10 38.7097
115 11 40.2785
115 12 41.7507
115 13 43.0896
115 14 44.0252
115 15 45.1135
115 16 45.7229
115 17 46.0714
115 18 45.8741
115 19 45.4313
115 20 44.3939
115 21 41.984
115 22 38.9771
115 23 35.8184
115 24 32.6323
115 25 29.464
115 26 26.318
115 27 23.171
115 28 19.9708
115 29 16.6216
115 30 12.9323
115 31 8.39914
116 0 12.407
116 1 17.0464
116 2 20.2532
116 3 22.9086
116 4 25.3956
116 5 27.6169
116 6 29.5352
116 7 31.7625
116 8 33.8197
116 9 35.6287
116 10 37.3765
116 11 38.8896
116 12 40.1726
116 13 41.3588
116 14 42.4946
116 15 43.337
116 16 43.8933
116 17 44.0602
116 18 44.0839
116 19 43.498
116 20 42.613
116 21 40.3297
116 22 37.5168
116 23 34.5269
116 24 31.4891
116 25 28.4545
116 26 25.4327
116 27 22.4038
116 28 19.3194
116 29 16.0876
116 30 12.5234
116 31 8.13813
117 0 11.8982
117 1 16.3903
117 2 19.3275
117 3 22.0559
117 4 24.3628
117 5 26.3238
117 6 28.3806
117 7 30.6099
117 8 32.5282
117 9 34.2043
117 10 35.9283
117 11 37.1761
117 12 38.4391
117 13 39.4879
117 14 40.4162
117 15 41.1833
117 16 41.6919
117 17 41.8391
117 18 41.5935
117 19 40.9786
117 20 39.9539
117 21 38.3322
117 22 35.8285
117 23 33.0691
117 24 30.2175
117 25 27.3427
117 26 24.4643
117 27 21.5692
117 28 18.6137
117 29 15.5111
117 30 12.0834
117 31 7.85809
118 0 11.3981
118 1 15.6317
118 2 18.6274
118 3 21.1324
118 4 23.3352
118 5 25.3396
118 6 27.4095
118 7 29.3693
118 8 31.102
118 9 32.747
118 10 34.1383
118 11 35.4688
118 12 36.5197
118 13 37.4313
118 14 38.1841
118 15 38.638
118 16 38.8659
118 17 38.8361
118 18 38.5298
118 19 37.9237
118 20 36.979
118 21 35.6351
118 22 33.8495
118 23 31.4145
118 24 28.7998
118 25 26.1167
118 26 23.4043
118 27 20.6603
118 28 17.8484
118 29 14.888
118 30 11.6093
118 31 7.55731
119 0 10.8185
119 1 14.8206
119 2 17.7353
119 3 20.1201
119 4 22.2291
119 5 24.0908
119 6 26.0857
119 7 27.8465
119 8 29.4968
119 9 31.0029
119 10 32.2511
119 11 33.356
119 12 34.1737
119 13 34.8314
119 14 35.329
119 15 35.641
119 16 35.7586
119 17 35.6643
119 18 35.3408
119 19 34.7681
119 20 33.922
119 21 32.7769
119 22 31.3149
119 23 29.5164
119 24 27.2118
119 25 24.7613
119 26 22.2416
119 27 19.6687
119 28 17.0167
119 29 14.2132
119 30 11.0975
119 31 7.23367
120 0 10.2511
120 1 14.1339
120 2 16.6282
120 3 18.9641
120 4 20.9896
120 5 22.8165
120 6 24.4582
120 7 26.1508
120 8 27.6311
120 9 28.9272
120 10 29.9255
120 11 30.7533
120 12 31.4205
120 13 31.9423
120 14 32.3186
120 15 32.539
120 16 32.5925
120 17 32.4661
120 18 32.146
120 19 31.6178
120 20 30.8664
120 21 29.8788
120 22 28.6469
120 23 27.1642
120 24 25.4143
120 25 23.2547
120 26 20.9619
120 27 18.5835
120 28 16.11
120 29 13.4799
120 30 10.543
120 31 6.8843
121 0 9.57291
121 1 13.2213
121 2 15.6601
121 3 17.5891
121 4 19.408
121 5 21.0677
121 6 22.6226
121 7 24.3209
121 8 25.5068
121 9 26.4936
121 10 27.3155
121 11 27.9961
121 12 28.5448
121 13 28.9661
121 14 29.2587
121 15 29.4159
121 16 29.4292
121 17 29.2886
121 18 28.9839
121 19 28.5046
121 20 27.8413
121 21 26.9865
121 22 25.936
121 23 24.6873
121 24 23.2351
121 25 21.5616
121 26 19.5435
121 27 17.3892
121 28 15.1164
121 29 12.6786
121 30 9.93913
121 31 6.50527
122 0 8.89391
122 1 12.2293
122 2 14.3709
122 3 16.424
122 4 18.0697
122 5 19.3417
122 6 20.9627
122 7 22.1365
122 8 23.1008
122 9 23.9114
122 10 24.5928
122 11 25.1568
122 12 25.6088
122 13 25.9504
122 14 26.1795
122 15 26.2914
122 16 26.2795
122 17 26.1363
122 18 25.8542
122 19 25.4258
122 20 24.8449
122 21 24.1068
122 22 23.2091
122 23 22.1506
122 24 20.9289
122 25 19.5363
122 26 17.9516
122 27 16.0628
122 28 14.0182
122 29 11.7958
122 30 9.27584
122 31 6.09081
123 0 8.11587
123 1 11.1671
123 2 13.2331
123 3 14.8123
123 4 16.4366
123 5 17.5886
123 6 18.8242
123 7 19.7621
123 8 20.5499
123 9 21.2182
123 10 21.7813
123 11 22.2465
123 12 22.6168
123 13 22.8925
123 14 23.0716
123 15 23.1502
123 16 23.1233
123 17 22.9855
123 18 22.7309
123 19 22.3545
123 20 21.852
123 21 21.2203
123 22 20.4578
123 23 19.5638
123 24 18.5367
123 25 17.3719
123 26 16.0575
123 27 14.566
123 28 12.7882
123 29 10.8104
123 30 8.5377
123 31 5.63193
124 0 7.3333
124 1 9.96892
124 2 11.8363
124 3 13.2817
124 4 14.6055
124 5 15.597
124 6 16.4712
124 7 17.2171
124 8 17.8542
124 9 18.398
124 10 18.8568
124 11 19.2349
124 12 19.534
124 13 19.7536
124 14 19.8918
124 15 19.9457
124 16 19.9115
124 17 19.7849
124 18 19.5619
124 19 19.2387
124 20 18.8125
124 21 18.2812
124 22 17.6437
124 23 16.8993
124 24 16.0468
124 25 15.0829
124 26 13.9991
124 27 12.7774
124 28 11.3803
124 29 9.6875
124 30 7.69893
124 31 5.11353
125 0 6.39747
125 1 8.61939
125 2 10.052
125 3 11.4767
125 4 12.3534
125 5 13.1976
125 6 13.8709
125 7 14.4515
125 8 14.9527
125 9 15.3824
125 10 15.7452
125 11 16.0435
125 12 16.278
125 13 16.448
125 14 16.552
125 15 16.5874
125 16 16.5515
125 17 16.4413
125 18 16.2537
125 19 15.9863
125 20 15.6369
125 21 15.2042
125 22 14.6875
125 23 14.0862
125 24 13.3993
125 25 12.6242
125 26 11.7546
125 27 10.7774
125 28 9.66577
125 29 8.36417
125 30 6.71208
125 31 4.50727
126 0 5.2608
126 1 6.9926
126 2 8.10727
126 3 9.13913
126 4 9.82309
126 5 10.3989
126 6 10.8913
126 7 11.3184
126 8 11.689
126 9 12.0078
126 10 12.277
126 11 12.498
126 12 12.6707
126 13 12.7946
126 14 12.8682
126 15 12.8898
126 16 12.8573
126 17 12.7687
126 18 12.622
126 19 12.4154
126 20 12.1475
126 21 11.8176
126 22 11.425
126 23 10.9695
126 24 10.4504
126 25 9.86558
126 26 9.21074
126 27 8.4766
126 28 7.64443
126 29 6.67509
126 30 5.47707
126 31 3.74984
127 0 3.66175
127 1 4.6927
127 2 5.39792
127 3 6.04988
127 4 6.47223
127 5 6.82192
127 6 7.12422
127 7 7.38807
127 8 7.61792
127 9 7.816
127 10 7.9834
127 11 8.12052
127 12 8.2272
127 13 8.30289
127 14 8.34672
127 15 8.35757
127 16 8.33422
127 17 8.27541
127 18 8.17997
127 19 8.0469
127 20 7.87548
127 21 7.66522
127 22 7.41587
127 23 7.12724
127 24 6.79894
127 25 6.42986
127 26 6.01745
127 27 5.55639
127 28 5.0359
127 29 4.4335
127 30 3.69585
127 31 2.65162
