0 0 2.24671e+06
1 0 4.26104e+06
2 0 5.34017e+06
3 0 4.23162e+06
4 0 3.97245e+06
5 0 4.08442e+06
6 0 4.12305e+06
7 0 3.84874e+06
8 0 2.13582e+06
9 0 2.38496e+06
10 0 2.80515e+06
11 0 3.81651e+06
12 0 2.39645e+06
13 0 3.71464e+06
14 0 5.18779e+06
15 0 4.10797e+06
16 0 4.03200e+06
17 0 4.88802e+06
18 0 5.24460e+06
19 0 2.49483e+06
20 0 3.57393e+06
21 0 4.43623e+06
22 0 4.23661e+06
23 0 3.31852e+06
24 0 4.16321e+06
25 0 4.00027e+06
26 0 2.86828e+06
27 0 3.88639e+06
28 0 4.68442e+06
29 0 2.97659e+06
30 0 3.26222e+06
31 0 2.28095e+06
32 0 5.23123e+06
33 0 5.37531e+06
34 0 5.59928e+06
35 0 3.34350e+06
36 0 2.78527e+06
37 0 2.69039e+06
38 0 3.19230e+06
39 0 3.73418e+06
40 0 4.19569e+06
41 0 5.75696e+06
42 0 4.96361e+06
43 0 3.30164e+06
44 0 3.52438e+06
45 0 2.92192e+06
46 0 4.29717e+06
47 0 5.71880e+06
48 0 4.23584e+06
49 0 2.64853e+06
50 0 5.23864e+06
51 0 4.19125e+06
52 0 5.79627e+06
53 0 3.71554e+06
54 0 4.89465e+06
55 0 2.83784e+06
56 0 3.32485e+06
57 0 5.47642e+06
58 0 2.32583e+06
59 0 3.60401e+06
60 0 4.22888e+06
61 0 2.00257e+06
62 0 4.95054e+06
63 0 5.23300e+06
64 0 5.89583e+06
65 0 4.09891e+06
66 0 4.57514e+06
67 0 2.65156e+06
68 0 4.23071e+06
69 0 3.38575e+06
70 0 3.84024e+06
71 0 5.22442e+06
72 0 3.02316e+06
73 0 2.96443e+06
74 0 4.55886e+06
75 0 2.50912e+06
76 0 5.68666e+06
77 0 3.29008e+06
78 0 5.34021e+06
79 0 5.47752e+06
80 0 4.85653e+06
81 0 2.09358e+06
82 0 4.91075e+06
83 0 3.80365e+06
84 0 2.37415e+06
85 0 3.19374e+06
86 0 2.37549e+06
87 0 5.40928e+06
88 0 5.58104e+06
89 0 5.91326e+06
90 0 5.43425e+06
91 0 3.26801e+06
92 0 4.38679e+06
93 0 3.95583e+06
94 0 5.61784e+06
95 0 3.63241e+06
96 0 3.28205e+06
97 0 5.69609e+06
98 0 5.94752e+06
99 0 4.03175e+06
100 0 4.80720e+06
101 0 3.60434e+06
102 0 4.30621e+06
103 0 3.01185e+06
104 0 4.00783e+06
105 0 3.55738e+06
106 0 3.46949e+06
107 0 3.60535e+06
108 0 4.77084e+06
109 0 5.48673e+06
110 0 3.85446e+06
111 0 3.21516e+06
112 0 4.29903e+06
113 0 4.54605e+06
114 0 4.70485e+06
115 0 5.43385e+06
116 0 4.12295e+06
117 0 5.62452e+06
118 0 3.06134e+06
119 0 3.46447e+06
120 0 4.34814e+06
121 0 5.15844e+06
122 0 5.04662e+06
123 0 5.11242e+06
124 0 5.33598e+06
125 0 2.03869e+06
126 0 2.94006e+06
127 0 2.61744e+06
0 1 5.84648e+06
1 1 5.86948e+06
2 1 5.88096e+06
3 1 2.62188e+06
4 1 5.04137e+06
5 1 4.09334e+06
6 1 2.58313e+06
7 1 2.46512e+06
8 1 3.81437e+06
9 1 4.27738e+06
10 1 4.98745e+06
11 1 5.09500e+06
12 1 5.18406e+06
13 1 2.21550e+06
14 1 4.69361e+06
15 1 4.78762e+06
16 1 5.15811e+06
17 1 3.50249e+06
18 1 3.25240e+06
19 1 3.31196e+06
20 1 5.28609e+06
21 1 3.65353e+06
22 1 4.95173e+06
23 1 4.63843e+06
24 1 2.69050e+06
25 1 2.33795e+06
26 1 5.98243e+06
27 1 3.18107e+06
28 1 2.91016e+06
29 1 3.13567e+06
30 1 5.84860e+06
31 1 5.61164e+06
32 1 2.81380e+06
33 1 2.43948e+06
34 1 2.06636e+06
35 1 3.57312e+06
36 1 5.21763e+06
37 1 4.42216e+06
38 1 3.73267e+06
39 1 2.07878e+06
40 1 5.43508e+06
41 1 2.94173e+06
42 1 4.82314e+06
43 1 2.62803e+06
44 1 4.78199e+06
45 1 2.55776e+06
46 1 4.40473e+06
47 1 5.05577e+06
48 1 2.15335e+06
49 1 5.67924e+06
50 1 5.75816e+06
51 1 5.79832e+06
52 1 5.87378e+06
53 1 4.45501e+06
54 1 4.61861e+06
55 1 2.37862e+06
56 1 5.92852e+06
57 1 2.87303e+06
58 1 2.56368e+06
59 1 3.40909e+06
60 1 2.01044e+06
61 1 5.38929e+06
62 1 3.22525e+06
63 1 5.96016e+06
64 1 2.81058e+06
65 1 2.54238e+06
66 1 3.16993e+06
67 1 2.68512e+06
68 1 5.62162e+06
69 1 4.25786e+06
70 1 3.77653e+06
71 1 3.42881e+06
72 1 3.58983e+06
73 1 3.13050e+06
74 1 4.39642e+06
75 1 5.85303e+06
76 1 3.86769e+06
77 1 3.57985e+06
78 1 2.79170e+06
79 1 4.77366e+06
80 1 4.30217e+06
81 1 2.87267e+06
82 1 3.18310e+06
83 1 2.48336e+06
84 1 3.05361e+06
85 1 3.81024e+06
86 1 4.53404e+06
87 1 4.75455e+06
88 1 4.63946e+06
89 1 3.15316e+06
90 1 5.22794e+06
91 1 5.64221e+06
92 1 3.89585e+06
93 1 3.48199e+06
94 1 5.54767e+06
95 1 3.79233e+06
96 1 2.63397e+06
97 1 4.13016e+06
98 1 5.29225e+06
99 1 4.62380e+06
100 1 4.38301e+06
101 1 3.28852e+06
102 1 5.66684e+06
103 1 4.21949e+06
104 1 4.28764e+06
105 1 3.67852e+06
106 1 5.59575e+06
107 1 4.61790e+06
108 1 3.03207e+06
109 1 2.34652e+06
110 1 4.06122e+06
111 1 3.81898e+06
112 1 5.61021e+06
113 1 2.48365e+06
114 1 2.66952e+06
115 1 5.54130e+06
116 1 4.14197e+06
117 1 5.46068e+06
118 1 3.23860e+06
119 1 2.06572e+06
120 1 2.29009e+06
121 1 2.73718e+06
122 1 5.38809e+06
123 1 5.66204e+06
124 1 5.49354e+06
125 1 3.20932e+06
126 1 4.24495e+06
127 1 4.74683e+06
0 2 2.20219e+06
1 2 5.89750e+06
2 2 2.19010e+06
3 2 3.11690e+06
4 2 5.02541e+06
5 2 4.42951e+06
6 2 4.27995e+06
7 2 4.62757e+06
8 2 4.45549e+06
9 2 5.60729e+06
10 2 2.16043e+06
11 2 3.35380e+06
12 2 5.52200e+06
13 2 2.72590e+06
14 2 5.41293e+06
15 2 4.77584e+06
16 2 5.64427e+06
17 2 4.85018e+06
18 2 3.74866e+06
19 2 5.75446e+06
20 2 2.60771e+06
21 2 5.52347e+06
22 2 4.60674e+06
23 2 5.83287e+06
24 2 4.21891e+06
25 2 5.88095e+06
26 2 3.62586e+06
27 2 3.20102e+06
28 2 2.92594e+06
29 2 3.67981e+06
30 2 2.31239e+06
31 2 5.13088e+06
32 2 3.05656e+06
33 2 3.06505e+06
34 2 4.47685e+06
35 2 3.50019e+06
36 2 3.37283e+06
37 2 2.48172e+06
38 2 3.66674e+06
39 2 2.18654e+06
40 2 2.07167e+06
41 2 4.25139e+06
42 2 5.74453e+06
43 2 5.58161e+06
44 2 5.69520e+06
45 2 2.58577e+06
46 2 5.55281e+06
47 2 4.07813e+06
48 2 5.96294e+06
49 2 5.06533e+06
50 2 5.77975e+06
51 2 2.14092e+06
52 2 2.48930e+06
53 2 5.80203e+06
54 2 2.94239e+06
55 2 4.48240e+06
56 2 5.52743e+06
57 2 4.67683e+06
58 2 2.76510e+06
59 2 5.82977e+06
60 2 2.43862e+06
61 2 4.20108e+06
62 2 2.44141e+06
63 2 5.25858e+06
64 2 5.31707e+06
65 2 4.89613e+06
66 2 3.72605e+06
67 2 3.98090e+06
68 2 5.12267e+06
69 2 3.00258e+06
70 2 5.75875e+06
71 2 5.57296e+06
72 2 5.53701e+06
73 2 2.67524e+06
74 2 2.48604e+06
75 2 3.67371e+06
76 2 3.12815e+06
77 2 4.20413e+06
78 2 3.14384e+06
79 2 4.51577e+06
80 2 5.97522e+06
81 2 3.31359e+06
82 2 2.70420e+06
83 2 5.93632e+06
84 2 5.81441e+06
85 2 3.09797e+06
86 2 2.47294e+06
87 2 5.26180e+06
88 2 5.88975e+06
89 2 5.03367e+06
90 2 5.81861e+06
91 2 3.28957e+06
92 2 4.86020e+06
93 2 3.24754e+06
94 2 5.18124e+06
95 2 4.31307e+06
96 2 2.59094e+06
97 2 3.10390e+06
98 2 3.23022e+06
99 2 3.75935e+06
100 2 4.87670e+06
101 2 2.05408e+06
102 2 5.26512e+06
103 2 4.09906e+06
104 2 3.41317e+06
105 2 5.39713e+06
106 2 2.49784e+06
107 2 2.95303e+06
108 2 4.20323e+06
109 2 3.38456e+06
110 2 5.44791e+06
111 2 2.61185e+06
112 2 2.78104e+06
113 2 3.21744e+06
114 2 5.22533e+06
115 2 3.20778e+06
116 2 2.34097e+06
117 2 2.32985e+06
118 2 2.46828e+06
119 2 4.34708e+06
120 2 2.87502e+06
121 2 5.93265e+06
122 2 3.93856e+06
123 2 4.42614e+06
124 2 3.52076e+06
125 2 2.18145e+06
126 2 3.01991e+06
127 2 2.08853e+06
0 3 4.12584e+06
1 3 5.29768e+06
2 3 2.08392e+06
3 3 2.92232e+06
4 3 2.49445e+06
5 3 4.48479e+06
6 3 5.43619e+06
7 3 4.46441e+06
8 3 2.46942e+06
9 3 4.85516e+06
10 3 4.93513e+06
11 3 5.63358e+06
12 3 2.44829e+06
13 3 3.64579e+06
14 3 2.35159e+06
15 3 3.46920e+06
16 3 2.13255e+06
17 3 4.80388e+06
18 3 2.57862e+06
19 3 2.24693e+06
20 3 3.34008e+06
21 3 2.63188e+06
22 3 2.58489e+06
23 3 2.99582e+06
24 3 3.97622e+06
25 3 5.62366e+06
26 3 3.79891e+06
27 3 2.84512e+06
28 3 4.97933e+06
29 3 5.00393e+06
30 3 4.14581e+06
31 3 4.60692e+06
32 3 2.28082e+06
33 3 3.27798e+06
34 3 3.26044e+06
35 3 4.69430e+06
36 3 2.28311e+06
37 3 5.94880e+06
38 3 2.55986e+06
39 3 3.47860e+06
40 3 2.86446e+06
41 3 3.97947e+06
42 3 5.26812e+06
43 3 2.70870e+06
44 3 3.65210e+06
45 3 5.51154e+06
46 3 4.45685e+06
47 3 4.17467e+06
48 3 2.86121e+06
49 3 2.96736e+06
50 3 3.22037e+06
51 3 5.66293e+06
52 3 3.09570e+06
53 3 3.90997e+06
54 3 4.77351e+06
55 3 3.11762e+06
56 3 4.76749e+06
57 3 3.18279e+06
58 3 4.06497e+06
59 3 4.32806e+06
60 3 4.90318e+06
61 3 5.84586e+06
62 3 3.59270e+06
63 3 3.29083e+06
64 3 2.00623e+06
65 3 3.35096e+06
66 3 2.55729e+06
67 3 3.47408e+06
68 3 5.63543e+06
69 3 5.48461e+06
70 3 2.09514e+06
71 3 5.26984e+06
72 3 5.62665e+06
73 3 5.17759e+06
74 3 3.32197e+06
75 3 5.27024e+06
76 3 5.88257e+06
77 3 3.92270e+06
78 3 2.27225e+06
79 3 4.98370e+06
80 3 4.42761e+06
81 3 4.23437e+06
82 3 4.89276e+06
83 3 5.80566e+06
84 3 2.11607e+06
85 3 2.29979e+06
86 3 2.62441e+06
87 3 3.43166e+06
88 3 2.43110e+06
89 3 3.15212e+06
90 3 5.47455e+06
91 3 4.03140e+06
92 3 3.79200e+06
93 3 2.40626e+06
94 3 5.40535e+06
95 3 2.42120e+06
96 3 4.39656e+06
97 3 4.61920e+06
98 3 2.06011e+06
99 3 3.36218e+06
100 3 2.22865e+06
101 3 3.36818e+06
102 3 2.72938e+06
103 3 2.91415e+06
104 3 3.33544e+06
105 3 5.37203e+06
106 3 5.75677e+06
107 3 4.21615e+06
108 3 3.90965e+06
109 3 4.94445e+06
110 3 3.90499e+06
111 3 5.06603e+06
112 3 2.64012e+06
113 3 5.07118e+06
114 3 5.84248e+06
115 3 3.31037e+06
116 3 2.76496e+06
117 3 5.96247e+06
118 3 2.23832e+06
119 3 3.25753e+06
120 3 4.83293e+06
121 3 5.08163e+06
122 3 4.42366e+06
123 3 2.84641e+06
124 3 3.17582e+06
125 3 5.66510e+06
126 3 2.05018e+06
127 3 5.41203e+06
0 4 3.68422e+06
1 4 5.68474e+06
2 4 2.77239e+06
3 4 3.12576e+06
4 4 5.47274e+06
5 4 3.80471e+06
6 4 2.88168e+06
7 4 4.84017e+06
8 4 2.87020e+06
9 4 3.89648e+06
10 4 3.56122e+06
11 4 2.84528e+06
12 4 2.31178e+06
13 4 4.31331e+06
14 4 4.19707e+06
15 4 3.06083e+06
16 4 5.64314e+06
17 4 2.92076e+06
18 4 3.62998e+06
19 4 3.12855e+06
20 4 5.41687e+06
21 4 5.06767e+06
22 4 5.37829e+06
23 4 2.23026e+06
24 4 5.98747e+06
25 4 5.10328e+06
26 4 5.59423e+06
27 4 5.05209e+06
28 4 5.90649e+06
29 4 2.05272e+06
30 4 4.55588e+06
31 4 3.03725e+06
32 4 4.30500e+06
33 4 2.97055e+06
34 4 5.92965e+06
35 4 4.69632e+06
36 4 2.01731e+06
37 4 4.87983e+06
38 4 5.65456e+06
39 4 2.31979e+06
40 4 5.09697e+06
41 4 3.95109e+06
42 4 5.07628e+06
43 4 5.90856e+06
44 4 5.24152e+06
45 4 3.58390e+06
46 4 2.80298e+06
47 4 5.39694e+06
48 4 2.76896e+06
49 4 5.82416e+06
50 4 4.29463e+06
51 4 3.72859e+06
52 4 4.33396e+06
53 4 5.95208e+06
54 4 2.50423e+06
55 4 2.73772e+06
56 4 3.50473e+06
57 4 2.59195e+06
58 4 5.91701e+06
59 4 3.31599e+06
60 4 3.67421e+06
61 4 2.61396e+06
62 4 3.88469e+06
63 4 2.99180e+06
64 4 4.92744e+06
65 4 3.71955e+06
66 4 4.10612e+06
67 4 3.88816e+06
68 4 4.22759e+06
69 4 3.44756e+06
70 4 2.49137e+06
71 4 5.66615e+06
72 4 3.77437e+06
73 4 4.82437e+06
74 4 5.38717e+06
75 4 5.38204e+06
76 4 5.59130e+06
77 4 4.35423e+06
78 4 4.38543e+06
79 4 4.74573e+06
80 4 3.46544e+06
81 4 3.87810e+06
82 4 4.42427e+06
83 4 3.56228e+06
84 4 3.91805e+06
85 4 5.07993e+06
86 4 4.74656e+06
87 4 5.25705e+06
88 4 5.93501e+06
89 4 2.91702e+06
90 4 3.18327e+06
91 4 3.09712e+06
92 4 3.08620e+06
93 4 5.45601e+06
94 4 5.42760e+06
95 4 2.92809e+06
96 4 5.20088e+06
97 4 5.88851e+06
98 4 3.23841e+06
99 4 3.12854e+06
100 4 5.70233e+06
101 4 3.03597e+06
102 4 4.51513e+06
103 4 2.70402e+06
104 4 5.83326e+06
105 4 2.20525e+06
106 4 5.00160e+06
107 4 3.64912e+06
108 4 3.36717e+06
109 4 2.33204e+06
110 4 2.38930e+06
111 4 4.50465e+06
112 4 5.47434e+06
113 4 2.86540e+06
114 4 5.67983e+06
115 4 4.37300e+06
116 4 4.73716e+06
117 4 3.35431e+06
118 4 2.40978e+06
119 4 5.97604e+06
120 4 4.92166e+06
121 4 3.30998e+06
122 4 5.09949e+06
123 4 2.71256e+06
124 4 3.31595e+06
125 4 2.38787e+06
126 4 5.20163e+06
127 4 3.63364e+06
0 5 3.99434e+06
1 5 3.62169e+06
2 5 3.44573e+06
3 5 3.58660e+06
4 5 4.53981e+06
5 5 3.24732e+06
6 5 4.12910e+06
7 5 2.71379e+06
8 5 2.45633e+06
9 5 5.86758e+06
10 5 5.18657e+06
11 5 4.55741e+06
12 5 2.23357e+06
13 5 2.01459e+06
14 5 3.60413e+06
15 5 2.28367e+06
16 5 5.94730e+06
17 5 2.26532e+06
18 5 5.99641e+06
19 5 3.20234e+06
20 5 4.98827e+06
21 5 5.60836e+06
22 5 3.30898e+06
23 5 3.54650e+06
24 5 2.44141e+06
25 5 3.67025e+06
26 5 2.72626e+06
27 5 4.23946e+06
28 5 3.46691e+06
29 5 2.03000e+06
30 5 3.08284e+06
31 5 4.11681e+06
32 5 2.76877e+06
33 5 3.58464e+06
34 5 3.87784e+06
35 5 4.88872e+06
36 5 2.40005e+06
37 5 5.31220e+06
38 5 4.48896e+06
39 5 5.16081e+06
40 5 3.48053e+06
41 5 4.50759e+06
42 5 5.34876e+06
43 5 3.44108e+06
44 5 4.10190e+06
45 5 4.07827e+06
46 5 5.98006e+06
47 5 5.14931e+06
48 5 3.63534e+06
49 5 3.39124e+06
50 5 3.07375e+06
51 5 3.60610e+06
52 5 2.43353e+06
53 5 3.16354e+06
54 5 4.58251e+06
55 5 5.87396e+06
56 5 2.66845e+06
57 5 4.83211e+06
58 5 5.31701e+06
59 5 5.68374e+06
60 5 5.57818e+06
61 5 2.85621e+06
62 5 3.59829e+06
63 5 5.22389e+06
64 5 5.71347e+06
65 5 5.38939e+06
66 5 3.18647e+06
67 5 3.13347e+06
68 5 5.33837e+06
69 5 4.75142e+06
70 5 3.32622e+06
71 5 3.66901e+06
72 5 2.01847e+06
73 5 4.80849e+06
74 5 5.78105e+06
75 5 2.91426e+06
76 5 3.72267e+06
77 5 3.72670e+06
78 5 3.29017e+06
79 5 3.99339e+06
80 5 3.14651e+06
81 5 5.99726e+06
82 5 5.87013e+06
83 5 4.04453e+06
84 5 4.11672e+06
85 5 2.03581e+06
86 5 5.90666e+06
87 5 2.04218e+06
88 5 5.99237e+06
89 5 4.22684e+06
90 5 3.91354e+06
91 5 5.33200e+06
92 5 2.29653e+06
93 5 2.09094e+06
94 5 3.62195e+06
95 5 5.78086e+06
96 5 4.22507e+06
97 5 3.18114e+06
98 5 2.76017e+06
99 5 3.43004e+06
100 5 3.43189e+06
101 5 4.84645e+06
102 5 2.14735e+06
103 5 4.66262e+06
104 5 3.23214e+06
105 5 5.12018e+06
106 5 2.73967e+06
107 5 3.15832e+06
108 5 3.27016e+06
109 5 3.49421e+06
110 5 3.58281e+06
111 5 4.44445e+06
112 5 2.35733e+06
113 5 5.26553e+06
114 5 5.35265e+06
115 5 4.72517e+06
116 5 2.96134e+06
117 5 3.21703e+06
118 5 3.92307e+06
119 5 4.27209e+06
120 5 2.57521e+06
121 5 4.62782e+06
122 5 5.78753e+06
123 5 2.69833e+06
124 5 5.30413e+06
125 5 3.47325e+06
126 5 5.68934e+06
127 5 4.87704e+06
0 6 2.99591e+06
1 6 2.82806e+06
2 6 3.35610e+06
3 6 2.86734e+06
4 6 5.97286e+06
5 6 4.27144e+06
6 6 3.42847e+06
7 6 3.51209e+06
8 6 2.44391e+06
9 6 3.50284e+06
10 6 5.28030e+06
11 6 2.52620e+06
12 6 5.44301e+06
13 6 5.46903e+06
14 6 4.61571e+06
15 6 4.62254e+06
16 6 3.50341e+06
17 6 2.32680e+06
18 6 4.32453e+06
19 6 3.00132e+06
20 6 4.68213e+06
21 6 4.80157e+06
22 6 3.24309e+06
23 6 3.86657e+06
24 6 2.80714e+06
25 6 4.95353e+06
26 6 4.43971e+06
27 6 4.20735e+06
28 6 5.94939e+06
29 6 2.86401e+06
30 6 3.51924e+06
31 6 3.02304e+06
32 6 5.06833e+06
33 6 4.16252e+06
34 6 2.28255e+06
35 6 4.26713e+06
36 6 5.91626e+06
37 6 3.11097e+06
38 6 2.03934e+06
39 6 3.79647e+06
40 6 4.05176e+06
41 6 4.38135e+06
42 6 4.08591e+06
43 6 5.89205e+06
44 6 5.58808e+06
45 6 3.27873e+06
46 6 3.34287e+06
47 6 5.05358e+06
48 6 3.62487e+06
49 6 5.17773e+06
50 6 2.59931e+06
51 6 2.47368e+06
52 6 2.47194e+06
53 6 4.18152e+06
54 6 2.14848e+06
55 6 5.73433e+06
56 6 3.82419e+06
57 6 4.08779e+06
58 6 5.81298e+06
59 6 5.35735e+06
60 6 3.94392e+06
61 6 3.74420e+06
62 6 2.23397e+06
63 6 4.28141e+06
64 6 4.24751e+06
65 6 4.74154e+06
66 6 4.02444e+06
67 6 2.66723e+06
68 6 4.08780e+06
69 6 2.16907e+06
70 6 3.08525e+06
71 6 3.24888e+06
72 6 3.20806e+06
73 6 3.56362e+06
74 6 5.83681e+06
75 6 3.58457e+06
76 6 3.32963e+06
77 6 5.88382e+06
78 6 2.76235e+06
79 6 4.74150e+06
80 6 3.10992e+06
81 6 3.98649e+06
82 6 2.10318e+06
83 6 3.90411e+06
84 6 5.09031e+06
85 6 3.67726e+06
86 6 2.03506e+06
87 6 2.62769e+06
88 6 5.86241e+06
89 6 2.84495e+06
90 6 2.30659e+06
91 6 3.78723e+06
92 6 3.05236e+06
93 6 4.83698e+06
94 6 5.46486e+06
95 6 5.31925e+06
96 6 4.31082e+06
97 6 4.27557e+06
98 6 4.02163e+06
99 6 3.93054e+06
100 6 3.17941e+06
101 6 4.27260e+06
102 6 2.36773e+06
103 6 2.71629e+06
104 6 4.28640e+06
105 6 2.86521e+06
106 6 2.69884e+06
107 6 4.43717e+06
108 6 4.23394e+06
109 6 5.06836e+06
110 6 4.23502e+06
111 6 3.06266e+06
112 6 4.77304e+06
113 6 3.65814e+06
114 6 3.52393e+06
115 6 3.33719e+06
116 6 2.14272e+06
117 6 5.89269e+06
118 6 4.46732e+06
119 6 2.78338e+06
120 6 4.36042e+06
121 6 2.15394e+06
122 6 5.48844e+06
123 6 2.64787e+06
124 6 5.05692e+06
125 6 2.88222e+06
126 6 4.65283e+06
127 6 5.23412e+06
0 7 5.29296e+06
1 7 2.53305e+06
2 7 3.17723e+06
3 7 4.22770e+06
4 7 3.71517e+06
5 7 3.24923e+06
6 7 2.50235e+06
7 7 5.27162e+06
8 7 4.68865e+06
9 7 3.57317e+06
10 7 2.92465e+06
11 7 5.34623e+06
12 7 2.33640e+06
13 7 2.54427e+06
14 7 4.23632e+06
15 7 4.33878e+06
16 7 4.36599e+06
17 7 5.87668e+06
18 7 4.47591e+06
19 7 2.94201e+06
20 7 3.09117e+06
21 7 5.09387e+06
22 7 2.36339e+06
23 7 2.04894e+06
24 7 2.90816e+06
25 7 3.75374e+06
26 7 2.35918e+06
27 7 4.39576e+06
28 7 3.50970e+06
29 7 3.47132e+06
30 7 2.14067e+06
31 7 4.67802e+06
32 7 3.33428e+06
33 7 3.04805e+06
34 7 5.11972e+06
35 7 5.67819e+06
36 7 5.99368e+06
37 7 3.71594e+06
38 7 3.43423e+06
39 7 3.65647e+06
40 7 5.67563e+06
41 7 5.75968e+06
42 7 4.60891e+06
43 7 4.36744e+06
44 7 4.21140e+06
45 7 5.08498e+06
46 7 3.19579e+06
47 7 3.60854e+06
48 7 5.66345e+06
49 7 5.70622e+06
50 7 2.74417e+06
51 7 3.86245e+06
52 7 5.44892e+06
53 7 4.06691e+06
54 7 5.65001e+06
55 7 5.32650e+06
56 7 3.12446e+06
57 7 3.19409e+06
58 7 3.40948e+06
59 7 3.33576e+06
60 7 5.96887e+06
61 7 2.98555e+06
62 7 3.14827e+06
63 7 5.82243e+06
64 7 2.31568e+06
65 7 2.49232e+06
66 7 3.11167e+06
67 7 5.45453e+06
68 7 4.98972e+06
69 7 3.55548e+06
70 7 2.42622e+06
71 7 5.51459e+06
72 7 4.47775e+06
73 7 2.62387e+06
74 7 3.55077e+06
75 7 4.51928e+06
76 7 4.51124e+06
77 7 3.33300e+06
78 7 5.05015e+06
79 7 5.28107e+06
80 7 2.84922e+06
81 7 2.59234e+06
82 7 2.35680e+06
83 7 2.17329e+06
84 7 2.08591e+06
85 7 4.38492e+06
86 7 2.36441e+06
87 7 3.05979e+06
88 7 2.82215e+06
89 7 2.82428e+06
90 7 5.04840e+06
91 7 2.14663e+06
92 7 3.84557e+06
93 7 4.68265e+06
94 7 4.17250e+06
95 7 2.59253e+06
96 7 3.23059e+06
97 7 4.48011e+06
98 7 2.29438e+06
99 7 5.54386e+06
100 7 3.92050e+06
101 7 3.20217e+06
102 7 4.44911e+06
103 7 2.66774e+06
104 7 4.41138e+06
105 7 4.22261e+06
106 7 3.81516e+06
107 7 4.39829e+06
108 7 4.41211e+06
109 7 5.80411e+06
110 7 3.01798e+06
111 7 4.94531e+06
112 7 5.94762e+06
113 7 4.01764e+06
114 7 2.68348e+06
115 7 4.53813e+06
116 7 2.78199e+06
117 7 3.10034e+06
118 7 4.09939e+06
119 7 3.47506e+06
120 7 5.12439e+06
121 7 2.65969e+06
122 7 4.64356e+06
123 7 5.40165e+06
124 7 2.60818e+06
125 7 2.67273e+06
126 7 5.60701e+06
127 7 5.35509e+06
0 8 2.07134e+06
1 8 4.83998e+06
2 8 5.83710e+06
3 8 2.46971e+06
4 8 3.24594e+06
5 8 4.98558e+06
6 8 5.97596e+06
7 8 3.33477e+06
8 8 3.70650e+06
9 8 4.42663e+06
10 8 4.83247e+06
11 8 3.26328e+06
12 8 3.51087e+06
13 8 2.21493e+06
14 8 5.68442e+06
15 8 5.05492e+06
16 8 5.62700e+06
17 8 4.25166e+06
18 8 3.36512e+06
19 8 2.86265e+06
20 8 4.60578e+06
21 8 2.16526e+06
22 8 3.21825e+06
23 8 4.88353e+06
24 8 3.49866e+06
25 8 5.11053e+06
26 8 3.89517e+06
27 8 4.73385e+06
28 8 2.85057e+06
29 8 5.07708e+06
30 8 3.23065e+06
31 8 3.09645e+06
32 8 3.34999e+06
33 8 4.39567e+06
34 8 3.78629e+06
35 8 5.75017e+06
36 8 2.89316e+06
37 8 5.63062e+06
38 8 3.65920e+06
39 8 5.77828e+06
40 8 4.73622e+06
41 8 2.57751e+06
42 8 3.37023e+06
43 8 3.49690e+06
44 8 2.30737e+06
45 8 4.71295e+06
46 8 4.75218e+06
47 8 2.31628e+06
48 8 4.89761e+06
49 8 2.96580e+06
50 8 4.24410e+06
51 8 4.64325e+06
52 8 3.79221e+06
53 8 5.32944e+06
54 8 5.28613e+06
55 8 5.38104e+06
56 8 5.46847e+06
57 8 3.24271e+06
58 8 5.07544e+06
59 8 2.36385e+06
60 8 4.09857e+06
61 8 4.51673e+06
62 8 5.90640e+06
63 8 2.64917e+06
64 8 2.40277e+06
65 8 5.62137e+06
66 8 2.09139e+06
67 8 5.79138e+06
68 8 2.21069e+06
69 8 4.50752e+06
70 8 4.12721e+06
71 8 4.76379e+06
72 8 5.81183e+06
73 8 4.59256e+06
74 8 2.67315e+06
75 8 4.59971e+06
76 8 5.84489e+06
77 8 3.33457e+06
78 8 5.46448e+06
79 8 4.63827e+06
80 8 4.52676e+06
81 8 4.66673e+06
82 8 3.17374e+06
83 8 5.68412e+06
84 8 4.88974e+06
85 8 2.88510e+06
86 8 5.80338e+06
87 8 3.07587e+06
88 8 2.09330e+06
89 8 5.01587e+06
90 8 2.27205e+06
91 8 2.09425e+06
92 8 3.61318e+06
93 8 2.71433e+06
94 8 4.58991e+06
95 8 2.67974e+06
96 8 2.20694e+06
97 8 4.28534e+06
98 8 4.40413e+06
99 8 4.39414e+06
100 8 2.82893e+06
101 8 4.04128e+06
102 8 5.46827e+06
103 8 2.46284e+06
104 8 2.00241e+06
105 8 5.14842e+06
106 8 2.05448e+06
107 8 2.10427e+06
108 8 2.90492e+06
109 8 5.65688e+06
110 8 3.81725e+06
111 8 3.99095e+06
112 8 5.55279e+06
113 8 3.75957e+06
114 8 3.35380e+06
115 8 5.87402e+06
116 8 4.72688e+06
117 8 5.69949e+06
118 8 5.90141e+06
119 8 2.61960e+06
120 8 2.96149e+06
121 8 2.47729e+06
122 8 2.87970e+06
123 8 3.32061e+06
124 8 2.87071e+06
125 8 4.10729e+06
126 8 3.95116e+06
127 8 4.20844e+06
0 9 5.82688e+06
1 9 4.29327e+06
2 9 3.12711e+06
3 9 3.79690e+06
4 9 3.23261e+06
5 9 3.68096e+06
6 9 2.90507e+06
7 9 4.44168e+06
8 9 4.96245e+06
9 9 2.02045e+06
10 9 2.04075e+06
11 9 2.17013e+06
12 9 5.84923e+06
13 9 5.10215e+06
14 9 4.55278e+06
15 9 4.41446e+06
16 9 4.02796e+06
17 9 2.89592e+06
18 9 4.35602e+06
19 9 3.48365e+06
20 9 4.38932e+06
21 9 4.91348e+06
22 9 5.48904e+06
23 9 3.56310e+06
24 9 2.18596e+06
25 9 2.35808e+06
26 9 2.51353e+06
27 9 4.65845e+06
28 9 2.08247e+06
29 9 4.47132e+06
30 9 3.12591e+06
31 9 4.74011e+06
32 9 2.16422e+06
33 9 3.86421e+06
34 9 3.85877e+06
35 9 2.15047e+06
36 9 5.79785e+06
37 9 5.55232e+06
38 9 2.16650e+06
39 9 3.99666e+06
40 9 4.14323e+06
41 9 2.49333e+06
42 9 5.94826e+06
43 9 2.73506e+06
44 9 2.08585e+06
45 9 3.34779e+06
46 9 4.95687e+06
47 9 5.28582e+06
48 9 3.34504e+06
49 9 5.97536e+06
50 9 3.53406e+06
51 9 4.41888e+06
52 9 4.94301e+06
53 9 4.55033e+06
54 9 5.88738e+06
55 9 3.27997e+06
56 9 3.83407e+06
57 9 5.79844e+06
58 9 4.44203e+06
59 9 3.66782e+06
60 9 2.21222e+06
61 9 3.85099e+06
62 9 2.35391e+06
63 9 2.17068e+06
64 9 2.98514e+06
65 9 4.79206e+06
66 9 4.94627e+06
67 9 4.12811e+06
68 9 4.89190e+06
69 9 2.45086e+06
70 9 4.16581e+06
71 9 2.18080e+06
72 9 5.51080e+06
73 9 4.93509e+06
74 9 5.81670e+06
75 9 2.91387e+06
76 9 4.70819e+06
77 9 2.92739e+06
78 9 2.00529e+06
79 9 5.63401e+06
80 9 4.72780e+06
81 9 4.60983e+06
82 9 4.37855e+06
83 9 3.12996e+06
84 9 3.66946e+06
85 9 3.84307e+06
86 9 5.07285e+06
87 9 5.50513e+06
88 9 4.27618e+06
89 9 3.51126e+06
90 9 4.05329e+06
91 9 4.84558e+06
92 9 5.77819e+06
93 9 4.32686e+06
94 9 4.71900e+06
95 9 5.52820e+06
96 9 3.20462e+06
97 9 5.70061e+06
98 9 5.85521e+06
99 9 3.19491e+06
100 9 5.28795e+06
101 9 5.27688e+06
102 9 2.30517e+06
103 9 3.01294e+06
104 9 5.32240e+06
105 9 5.35021e+06
106 9 2.69227e+06
107 9 3.96052e+06
108 9 3.27109e+06
109 9 3.05293e+06
110 9 2.63407e+06
111 9 2.55898e+06
112 9 2.04529e+06
113 9 2.12276e+06
114 9 4.14492e+06
115 9 3.32232e+06
116 9 3.81225e+06
117 9 5.59339e+06
118 9 4.15616e+06
119 9 5.24210e+06
120 9 3.75722e+06
121 9 3.34018e+06
122 9 5.45282e+06
123 9 2.08163e+06
124 9 2.92997e+06
125 9 3.22004e+06
126 9 5.06927e+06
127 9 5.03086e+06
0 10 5.88819e+06
1 10 3.39372e+06
2 10 4.63396e+06
3 10 2.27691e+06
4 10 3.39935e+06
5 10 3.87746e+06
6 10 2.54227e+06
7 10 2.47731e+06
8 10 5.05645e+06
9 10 2.15261e+06
10 10 2.03203e+06
11 10 5.99729e+06
12 10 5.61435e+06
13 10 4.69154e+06
14 10 3.04289e+06
15 10 3.84147e+06
16 10 3.76027e+06
17 10 5.39314e+06
18 10 2.55935e+06
19 10 4.77573e+06
20 10 5.20969e+06
21 10 4.91350e+06
22 10 4.21730e+06
23 10 3.43584e+06
24 10 3.24751e+06
25 10 4.18525e+06
26 10 4.71702e+06
27 10 3.93153e+06
28 10 2.50753e+06
29 10 2.68542e+06
30 10 3.02817e+06
31 10 4.55467e+06
32 10 2.76705e+06
33 10 3.63564e+06
34 10 5.65144e+06
35 10 3.37432e+06
36 10 4.82666e+06
37 10 3.78398e+06
38 10 5.03251e+06
39 10 5.73713e+06
40 10 3.80904e+06
41 10 2.89727e+06
42 10 4.94004e+06
43 10 3.68522e+06
44 10 4.84569e+06
45 10 3.54874e+06
46 10 5.63778e+06
47 10 3.56473e+06
48 10 3.55732e+06
49 10 5.32822e+06
50 10 2.74765e+06
51 10 5.47657e+06
52 10 3.74724e+06
53 10 2.75789e+06
54 10 4.21827e+06
55 10 3.74161e+06
56 10 2.35050e+06
57 10 2.47658e+06
58 10 3.07441e+06
59 10 4.25434e+06
60 10 4.98282e+06
61 10 4.36384e+06
62 10 3.76359e+06
63 10 5.72103e+06
64 10 5.47298e+06
65 10 5.12271e+06
66 10 5.93012e+06
67 10 5.53132e+06
68 10 3.54347e+06
69 10 2.26167e+06
70 10 5.05862e+06
71 10 3.58926e+06
72 10 4.13053e+06
73 10 4.30981e+06
74 10 5.89254e+06
75 10 5.76406e+06
76 10 5.57499e+06
77 10 2.86337e+06
78 10 4.74106e+06
79 10 5.79052e+06
80 10 4.04283e+06
81 10 2.87430e+06
82 10 4.98876e+06
83 10 5.45689e+06
84 10 2.02753e+06
85 10 5.19309e+06
86 10 5.08936e+06
87 10 4.37292e+06
88 10 3.13303e+06
89 10 3.65471e+06
90 10 5.23037e+06
91 10 2.25758e+06
92 10 3.45509e+06
93 10 5.35434e+06
94 10 4.56885e+06
95 10 3.70557e+06
96 10 4.10890e+06
97 10 3.02761e+06
98 10 2.96182e+06
99 10 3.14065e+06
100 10 2.82878e+06
101 10 2.18359e+06
102 10 3.15211e+06
103 10 4.70100e+06
104 10 2.08714e+06
105 10 5.86003e+06
106 10 5.23205e+06
107 10 5.35171e+06
108 10 5.52383e+06
109 10 4.00015e+06
110 10 3.72781e+06
111 10 2.23028e+06
112 10 5.28855e+06
113 10 4.40177e+06
114 10 2.30322e+06
115 10 4.16262e+06
116 10 3.48003e+06
117 10 4.30903e+06
118 10 2.36051e+06
119 10 3.91608e+06
120 10 5.17032e+06
121 10 3.75738e+06
122 10 2.01667e+06
123 10 3.00951e+06
124 10 5.47965e+06
125 10 3.94453e+06
126 10 5.38591e+06
127 10 3.38761e+06
0 11 4.31959e+06
1 11 2.15068e+06
2 11 3.74765e+06
3 11 2.43340e+06
4 11 5.30054e+06
5 11 2.91412e+06
6 11 3.07696e+06
7 11 2.95901e+06
8 11 5.25597e+06
9 11 4.45578e+06
10 11 2.74302e+06
11 11 2.21418e+06
12 11 4.34353e+06
13 11 3.62790e+06
14 11 5.96116e+06
15 11 2.77519e+06
16 11 5.94294e+06
17 11 3.80151e+06
18 11 3.06310e+06
19 11 5.70842e+06
20 11 3.46915e+06
21 11 5.73186e+06
22 11 2.46805e+06
23 11 5.25021e+06
24 11 4.53630e+06
25 11 5.92068e+06
26 11 2.43039e+06
27 11 3.92062e+06
28 11 4.83323e+06
29 11 2.08783e+06
30 11 3.68128e+06
31 11 5.19769e+06
32 11 3.33344e+06
33 11 3.67668e+06
34 11 2.29834e+06
35 11 4.89654e+06
36 11 2.26668e+06
37 11 3.14081e+06
38 11 2.46169e+06
39 11 2.51536e+06
40 11 3.37203e+06
41 11 4.94232e+06
42 11 5.20238e+06
43 11 3.50806e+06
44 11 3.23107e+06
45 11 2.20694e+06
46 11 2.40761e+06
47 11 4.06447e+06
48 11 2.92232e+06
49 11 3.57949e+06
50 11 4.54607e+06
51 11 3.96865e+06
52 11 5.84236e+06
53 11 2.28192e+06
54 11 3.73628e+06
55 11 3.24947e+06
56 11 5.20283e+06
57 11 3.95007e+06
58 11 4.74946e+06
59 11 3.17561e+06
60 11 4.28009e+06
61 11 3.82775e+06
62 11 4.02027e+06
63 11 3.10599e+06
64 11 5.09163e+06
65 11 5.38526e+06
66 11 5.28442e+06
67 11 4.58089e+06
68 11 4.73925e+06
69 11 2.37260e+06
70 11 4.45557e+06
71 11 2.86699e+06
72 11 4.11134e+06
73 11 5.91009e+06
74 11 4.32454e+06
75 11 4.99793e+06
76 11 4.16031e+06
77 11 4.62212e+06
78 11 2.31455e+06
79 11 2.40107e+06
80 11 4.40743e+06
81 11 4.39948e+06
82 11 5.58199e+06
83 11 4.28747e+06
84 11 3.78429e+06
85 11 2.92775e+06
86 11 5.94950e+06
87 11 4.86063e+06
88 11 5.81721e+06
89 11 3.17437e+06
90 11 5.13817e+06
91 11 2.56746e+06
92 11 3.24581e+06
93 11 3.20268e+06
94 11 2.42211e+06
95 11 5.24013e+06
96 11 3.16616e+06
97 11 3.22084e+06
98 11 5.98048e+06
99 11 2.28521e+06
100 11 5.68626e+06
101 11 3.57266e+06
102 11 5.81641e+06
103 11 5.22094e+06
104 11 4.93614e+06
105 11 5.50772e+06
106 11 5.45503e+06
107 11 5.05622e+06
108 11 3.08090e+06
109 11 4.37240e+06
110 11 2.34813e+06
111 11 4.25961e+06
112 11 4.26243e+06
113 11 4.13929e+06
114 11 4.28664e+06
115 11 4.06817e+06
116 11 5.70920e+06
117 11 2.07362e+06
118 11 3.73584e+06
119 11 4.80510e+06
120 11 3.15693e+06
121 11 3.58492e+06
122 11 5.71164e+06
123 11 3.74185e+06
124 11 4.42015e+06
125 11 3.41855e+06
126 11 3.73045e+06
127 11 4.97304e+06
0 12 3.76547e+06
1 12 4.59964e+06
2 12 4.46223e+06
3 12 2.04396e+06
4 12 2.08581e+06
5 12 5.57114e+06
6 12 3.97910e+06
7 12 4.93395e+06
8 12 2.26133e+06
9 12 3.92669e+06
10 12 5.31416e+06
11 12 2.03101e+06
12 12 3.56639e+06
13 12 3.51897e+06
14 12 5.74028e+06
15 12 4.21951e+06
16 12 2.42665e+06
17 12 2.88382e+06
18 12 5.16416e+06
19 12 4.76871e+06
20 12 3.64665e+06
21 12 2.18265e+06
22 12 2.50087e+06
23 12 5.64514e+06
24 12 3.33553e+06
25 12 4.53658e+06
26 12 2.96678e+06
27 12 4.52611e+06
28 12 2.36892e+06
29 12 3.34780e+06
30 12 5.08580e+06
31 12 5.21674e+06
32 12 3.92009e+06
33 12 3.81331e+06
34 12 4.31680e+06
35 12 5.06636e+06
36 12 5.61042e+06
37 12 2.83877e+06
38 12 2.05913e+06
39 12 5.40582e+06
40 12 4.32716e+06
41 12 3.12867e+06
42 12 4.18253e+06
43 12 5.40080e+06
44 12 5.52359e+06
45 12 5.67160e+06
46 12 4.98664e+06
47 12 5.84965e+06
48 12 2.55898e+06
49 12 3.98867e+06
50 12 2.43632e+06
51 12 3.49372e+06
52 12 2.39220e+06
53 12 3.60936e+06
54 12 5.55030e+06
55 12 5.19084e+06
56 12 3.98513e+06
57 12 5.67720e+06
58 12 5.05487e+06
59 12 2.57893e+06
60 12 2.44144e+06
61 12 4.55531e+06
62 12 3.43383e+06
63 12 2.17371e+06
64 12 3.43991e+06
65 12 3.14055e+06
66 12 5.27078e+06
67 12 4.42017e+06
68 12 3.76404e+06
69 12 5.54083e+06
70 12 2.95904e+06
71 12 2.86090e+06
72 12 5.53251e+06
73 12 4.73947e+06
74 12 3.69300e+06
75 12 2.44698e+06
76 12 2.40656e+06
77 12 5.83073e+06
78 12 4.21296e+06
79 12 2.51587e+06
80 12 2.83428e+06
81 12 5.96085e+06
82 12 5.06981e+06
83 12 3.81483e+06
84 12 3.13838e+06
85 12 2.21615e+06
86 12 5.36944e+06
87 12 2.60053e+06
88 12 2.04729e+06
89 12 3.19480e+06
90 12 4.88324e+06
91 12 3.70015e+06
92 12 5.73984e+06
93 12 4.44566e+06
94 12 5.40383e+06
95 12 2.32784e+06
96 12 4.19513e+06
97 12 5.11096e+06
98 12 3.69072e+06
99 12 4.65738e+06
100 12 2.77255e+06
101 12 3.87322e+06
102 12 3.38980e+06
103 12 2.50735e+06
104 12 3.28762e+06
105 12 4.84952e+06
106 12 3.14549e+06
107 12 3.37519e+06
108 12 4.93945e+06
109 12 2.86417e+06
110 12 3.56641e+06
111 12 3.02122e+06
112 12 3.97569e+06
113 12 5.73172e+06
114 12 5.30251e+06
115 12 3.09767e+06
116 12 5.29856e+06
117 12 3.90050e+06
118 12 2.09633e+06
119 12 2.98017e+06
120 12 5.04184e+06
121 12 3.54680e+06
122 12 4.58485e+06
123 12 5.30669e+06
124 12 4.99043e+06
125 12 3.77946e+06
126 12 4.21719e+06
127 12 3.04763e+06
0 13 2.67017e+06
1 13 5.63070e+06
2 13 5.01953e+06
3 13 4.40802e+06
4 13 3.70599e+06
5 13 5.53305e+06
6 13 5.56647e+06
7 13 5.87975e+06
8 13 4.67976e+06
9 13 3.73040e+06
10 13 4.13428e+06
11 13 3.47905e+06
12 13 4.43806e+06
13 13 2.48234e+06
14 13 4.57707e+06
15 13 3.49656e+06
16 13 3.21785e+06
17 13 2.42805e+06
18 13 4.93777e+06
19 13 2.41330e+06
20 13 5.11816e+06
21 13 3.33450e+06
22 13 2.78104e+06
23 13 2.04628e+06
24 13 4.45175e+06
25 13 4.92367e+06
26 13 4.72622e+06
27 13 4.99209e+06
28 13 2.90162e+06
29 13 4.96689e+06
30 13 5.25233e+06
31 13 3.83949e+06
32 13 4.36735e+06
33 13 5.51589e+06
34 13 5.80831e+06
35 13 5.49579e+06
36 13 4.21550e+06
37 13 5.61823e+06
38 13 5.65583e+06
39 13 2.64494e+06
40 13 5.60850e+06
41 13 5.37044e+06
42 13 5.08967e+06
43 13 2.45808e+06
44 13 4.51124e+06
45 13 4.71132e+06
46 13 4.15270e+06
47 13 5.96372e+06
48 13 4.61585e+06
49 13 4.47577e+06
50 13 4.74146e+06
51 13 5.76245e+06
52 13 3.77520e+06
53 13 5.04811e+06
54 13 3.05636e+06
55 13 4.96825e+06
56 13 5.79719e+06
57 13 5.06273e+06
58 13 5.55499e+06
59 13 5.56024e+06
60 13 3.30855e+06
61 13 5.33105e+06
62 13 2.45236e+06
63 13 3.48327e+06
64 13 5.59360e+06
65 13 5.20162e+06
66 13 3.04008e+06
67 13 4.83678e+06
68 13 5.35635e+06
69 13 2.16529e+06
70 13 5.89018e+06
71 13 2.07565e+06
72 13 3.56112e+06
73 13 4.58601e+06
74 13 2.77467e+06
75 13 4.26580e+06
76 13 3.68116e+06
77 13 3.37976e+06
78 13 2.74175e+06
79 13 4.72820e+06
80 13 5.88908e+06
81 13 5.07689e+06
82 13 5.97146e+06
83 13 3.27334e+06
84 13 4.25690e+06
85 13 4.00508e+06
86 13 2.18809e+06
87 13 2.86680e+06
88 13 2.83375e+06
89 13 5.66312e+06
90 13 3.89561e+06
91 13 2.08805e+06
92 13 2.76704e+06
93 13 3.24217e+06
94 13 5.39280e+06
95 13 4.54330e+06
96 13 4.47001e+06
97 13 5.33844e+06
98 13 2.60249e+06
99 13 2.33471e+06
100 13 4.38555e+06
101 13 2.78468e+06
102 13 4.69302e+06
103 13 2.86354e+06
104 13 4.51058e+06
105 13 5.87170e+06
106 13 3.33764e+06
107 13 3.31131e+06
108 13 5.36471e+06
109 13 5.58649e+06
110 13 4.95406e+06
111 13 2.09219e+06
112 13 2.04007e+06
113 13 3.61456e+06
114 13 5.89973e+06
115 13 5.92262e+06
116 13 3.99071e+06
117 13 4.68279e+06
118 13 5.70204e+06
119 13 4.95683e+06
120 13 4.75816e+06
121 13 5.18748e+06
122 13 2.81046e+06
123 13 4.17878e+06
124 13 5.97537e+06
125 13 2.87425e+06
126 13 2.49732e+06
127 13 4.39494e+06
0 14 2.19566e+06
1 14 3.34871e+06
2 14 4.69330e+06
3 14 4.38362e+06
4 14 2.73298e+06
5 14 5.97804e+06
6 14 4.61998e+06
7 14 2.75495e+06
8 14 4.62116e+06
9 14 5.47524e+06
10 14 2.68448e+06
11 14 4.43260e+06
12 14 4.98386e+06
13 14 3.18766e+06
14 14 2.68359e+06
15 14 4.09054e+06
16 14 5.99297e+06
17 14 5.77008e+06
18 14 5.03808e+06
19 14 5.91474e+06
20 14 5.14618e+06
21 14 2.79040e+06
22 14 4.21516e+06
23 14 4.68863e+06
24 14 5.05964e+06
25 14 2.08018e+06
26 14 4.70390e+06
27 14 2.65310e+06
28 14 5.78198e+06
29 14 4.48873e+06
30 14 4.18290e+06
31 14 4.52317e+06
32 14 4.56564e+06
33 14 3.60382e+06
34 14 5.28405e+06
35 14 4.70502e+06
36 14 4.89530e+06
37 14 3.95444e+06
38 14 2.34555e+06
39 14 5.34304e+06
40 14 2.63975e+06
41 14 3.76750e+06
42 14 2.33643e+06
43 14 2.83788e+06
44 14 2.62523e+06
45 14 2.22398e+06
46 14 2.03601e+06
47 14 5.19854e+06
48 14 2.39531e+06
49 14 4.76042e+06
50 14 3.30532e+06
51 14 2.16486e+06
52 14 2.54554e+06
53 14 5.48479e+06
54 14 5.04363e+06
55 14 3.94733e+06
56 14 2.69540e+06
57 14 3.94783e+06
58 14 3.40441e+06
59 14 3.96877e+06
60 14 5.28497e+06
61 14 5.56358e+06
62 14 4.30938e+06
63 14 3.31014e+06
64 14 3.01433e+06
65 14 2.71216e+06
66 14 3.96349e+06
67 14 4.55845e+06
68 14 2.64048e+06
69 14 5.96621e+06
70 14 5.31773e+06
71 14 4.62913e+06
72 14 5.54252e+06
73 14 5.46994e+06
74 14 2.20249e+06
75 14 3.72132e+06
76 14 3.13364e+06
77 14 5.92949e+06
78 14 5.86947e+06
79 14 2.04180e+06
80 14 4.60273e+06
81 14 3.49704e+06
82 14 5.59325e+06
83 14 5.77598e+06
84 14 5.82619e+06
85 14 5.09158e+06
86 14 2.97023e+06
87 14 5.53663e+06
88 14 3.42224e+06
89 14 5.47747e+06
90 14 3.97672e+06
91 14 4.74023e+06
92 14 5.37569e+06
93 14 4.07946e+06
94 14 2.48889e+06
95 14 3.15488e+06
96 14 5.40771e+06
97 14 5.77488e+06
98 14 3.51042e+06
99 14 4.20054e+06
100 14 4.62438e+06
101 14 2.53185e+06
102 14 2.42565e+06
103 14 5.75861e+06
104 14 4.25296e+06
105 14 2.26035e+06
106 14 5.85465e+06
107 14 4.85056e+06
108 14 4.73564e+06
109 14 2.43345e+06
110 14 3.02079e+06
111 14 3.27579e+06
112 14 2.88035e+06
113 14 4.94741e+06
114 14 5.72527e+06
115 14 5.74784e+06
116 14 3.22177e+06
117 14 2.68852e+06
118 14 4.23735e+06
119 14 3.50003e+06
120 14 4.67505e+06
121 14 4.81557e+06
122 14 4.27974e+06
123 14 5.81316e+06
124 14 2.29013e+06
125 14 4.09006e+06
126 14 3.95978e+06
127 14 3.19550e+06
0 15 4.70000e+06
1 15 3.74237e+06
2 15 3.76630e+06
3 15 4.84967e+06
4 15 4.44734e+06
5 15 5.76303e+06
6 15 3.98541e+06
7 15 5.91819e+06
8 15 5.42240e+06
9 15 4.70978e+06
10 15 4.07672e+06
11 15 5.81706e+06
12 15 3.24382e+06
13 15 3.47485e+06
14 15 2.33370e+06
15 15 2.49972e+06
16 15 4.74367e+06
17 15 2.74192e+06
18 15 4.91288e+06
19 15 2.48269e+06
20 15 4.15123e+06
21 15 4.30502e+06
22 15 2.44765e+06
23 15 4.92308e+06
24 15 2.77181e+06
25 15 2.44882e+06
26 15 3.36717e+06
27 15 3.69391e+06
28 15 3.24639e+06
29 15 4.20534e+06
30 15 5.25978e+06
31 15 4.09586e+06
32 15 3.81295e+06
33 15 2.37519e+06
34 15 3.75900e+06
35 15 4.15801e+06
36 15 3.17329e+06
37 15 3.67220e+06
38 15 3.71301e+06
39 15 5.98803e+06
40 15 5.96026e+06
41 15 3.00031e+06
42 15 3.22146e+06
43 15 2.64105e+06
44 15 2.06335e+06
45 15 4.82619e+06
46 15 5.77063e+06
47 15 5.77154e+06
48 15 2.24890e+06
49 15 4.32976e+06
50 15 3.24659e+06
51 15 5.22180e+06
52 15 2.49786e+06
53 15 2.28834e+06
54 15 5.22798e+06
55 15 5.99507e+06
56 15 5.24643e+06
57 15 4.75032e+06
58 15 5.66203e+06
59 15 4.66761e+06
60 15 3.79999e+06
61 15 4.15107e+06
62 15 4.57525e+06
63 15 3.34499e+06
64 15 5.73695e+06
65 15 5.14041e+06
66 15 2.37131e+06
67 15 2.39182e+06
68 15 4.08627e+06
69 15 2.13016e+06
70 15 3.72002e+06
71 15 3.18629e+06
72 15 4.18908e+06
73 15 2.43900e+06
74 15 3.53163e+06
75 15 2.05318e+06
76 15 4.49513e+06
77 15 5.28188e+06
78 15 4.15124e+06
79 15 2.90462e+06
80 15 3.51800e+06
81 15 5.43881e+06
82 15 3.40817e+06
83 15 3.79137e+06
84 15 3.76880e+06
85 15 4.59382e+06
86 15 3.68134e+06
87 15 3.17784e+06
88 15 3.44824e+06
89 15 2.79478e+06
90 15 4.23401e+06
91 15 5.48829e+06
92 15 4.00821e+06
93 15 2.39994e+06
94 15 3.72031e+06
95 15 4.42588e+06
96 15 4.37976e+06
97 15 5.26823e+06
98 15 2.12460e+06
99 15 5.06182e+06
100 15 4.08890e+06
101 15 3.80161e+06
102 15 4.55363e+06
103 15 4.30253e+06
104 15 3.08120e+06
105 15 2.64042e+06
106 15 2.05982e+06
107 15 3.73801e+06
108 15 4.89792e+06
109 15 5.07988e+06
110 15 3.76666e+06
111 15 3.46782e+06
112 15 5.12467e+06
113 15 2.03449e+06
114 15 2.52989e+06
115 15 4.24511e+06
116 15 2.77453e+06
117 15 3.20888e+06
118 15 3.76639e+06
119 15 4.10555e+06
120 15 4.80976e+06
121 15 4.66393e+06
122 15 3.67503e+06
123 15 4.46771e+06
124 15 2.26669e+06
125 15 4.92487e+06
126 15 5.86621e+06
127 15 2.98484e+06
0 16 3.22391e+06
1 16 3.14949e+06
2 16 4.92180e+06
3 16 2.20899e+06
4 16 5.35910e+06
5 16 5.69290e+06
6 16 2.26197e+06
7 16 2.11583e+06
8 16 3.61622e+06
9 16 3.34916e+06
10 16 5.62648e+06
11 16 2.95159e+06
12 16 5.30026e+06
13 16 5.21492e+06
14 16 3.35660e+06
15 16 4.72138e+06
16 16 5.54213e+06
17 16 5.65420e+06
18 16 2.75915e+06
19 16 3.62575e+06
20 16 5.19092e+06
21 16 5.18871e+06
22 16 3.12885e+06
23 16 4.03963e+06
24 16 2.66398e+06
25 16 2.38669e+06
26 16 2.95818e+06
27 16 2.31445e+06
28 16 2.79254e+06
29 16 4.63724e+06
30 16 2.66094e+06
31 16 4.08843e+06
32 16 3.64365e+06
33 16 3.23715e+06
34 16 5.16362e+06
35 16 5.43389e+06
36 16 5.65013e+06
37 16 3.43476e+06
38 16 2.90711e+06
39 16 2.74781e+06
40 16 3.26679e+06
41 16 2.75217e+06
42 16 4.22677e+06
43 16 2.70937e+06
44 16 2.84133e+06
45 16 3.65552e+06
46 16 4.68207e+06
47 16 3.07547e+06
48 16 5.86174e+06
49 16 4.33294e+06
50 16 2.09150e+06
51 16 2.25409e+06
52 16 2.18261e+06
53 16 3.81155e+06
54 16 4.56009e+06
55 16 2.84649e+06
56 16 3.24186e+06
57 16 4.32824e+06
58 16 2.41979e+06
59 16 5.31374e+06
60 16 2.96045e+06
61 16 5.49819e+06
62 16 2.13277e+06
63 16 4.45521e+06
64 16 4.40100e+06
65 16 2.23962e+06
66 16 2.17018e+06
67 16 3.83165e+06
68 16 5.11178e+06
69 16 2.54015e+06
70 16 2.97680e+06
71 16 2.57232e+06
72 16 2.49542e+06
73 16 3.55335e+06
74 16 3.93371e+06
75 16 3.81400e+06
76 16 3.74192e+06
77 16 5.94586e+06
78 16 5.41205e+06
79 16 5.84783e+06
80 16 2.23972e+06
81 16 4.95064e+06
82 16 5.34793e+06
83 16 2.15684e+06
84 16 5.94334e+06
85 16 4.01459e+06
86 16 2.02215e+06
87 16 4.68014e+06
88 16 3.53705e+06
89 16 4.73794e+06
90 16 2.95473e+06
91 16 3.34785e+06
92 16 3.12265e+06
93 16 5.26566e+06
94 16 3.12818e+06
95 16 5.91692e+06
96 16 3.12331e+06
97 16 2.50145e+06
98 16 3.38568e+06
99 16 4.93549e+06
100 16 5.61514e+06
101 16 2.23638e+06
102 16 3.26897e+06
103 16 2.25716e+06
104 16 2.21430e+06
105 16 4.94989e+06
106 16 4.04348e+06
107 16 2.31947e+06
108 16 5.32792e+06
109 16 5.13925e+06
110 16 2.66474e+06
111 16 3.78849e+06
112 16 3.90944e+06
113 16 2.20908e+06
114 16 4.41319e+06
115 16 5.34627e+06
116 16 3.62730e+06
117 16 5.53718e+06
118 16 4.67683e+06
119 16 4.04802e+06
120 16 3.45956e+06
121 16 2.87595e+06
122 16 5.55472e+06
123 16 3.44408e+06
124 16 3.66884e+06
125 16 5.62347e+06
126 16 5.63377e+06
127 16 5.01664e+06
0 17 4.35227e+06
1 17 5.88968e+06
2 17 4.80190e+06
3 17 5.92079e+06
4 17 3.07538e+06
5 17 5.04739e+06
6 17 3.06780e+06
7 17 4.67766e+06
8 17 5.98816e+06
9 17 5.04363e+06
10 17 3.83696e+06
11 17 2.48606e+06
12 17 4.67291e+06
13 17 4.75323e+06
14 17 5.21321e+06
15 17 3.47500e+06
16 17 2.53426e+06
17 17 3.49109e+06
18 17 5.09407e+06
19 17 2.34024e+06
20 17 4.11155e+06
21 17 3.03851e+06
22 17 4.15152e+06
23 17 3.82683e+06
24 17 5.48721e+06
25 17 5.31479e+06
26 17 4.27883e+06
27 17 2.50795e+06
28 17 5.35665e+06
29 17 4.85734e+06
30 17 3.82788e+06
31 17 5.04962e+06
32 17 5.41153e+06
33 17 5.18016e+06
34 17 4.92404e+06
35 17 3.02262e+06
36 17 4.42652e+06
37 17 2.73296e+06
38 17 4.99180e+06
39 17 3.74872e+06
40 17 5.96909e+06
41 17 2.48229e+06
42 17 4.11914e+06
43 17 4.38274e+06
44 17 2.91495e+06
45 17 4.93468e+06
46 17 2.01842e+06
47 17 3.06250e+06
48 17 4.17895e+06
49 17 4.32415e+06
50 17 3.71752e+06
51 17 2.30395e+06
52 17 3.61837e+06
53 17 2.87432e+06
54 17 5.96886e+06
55 17 4.45282e+06
56 17 2.59366e+06
57 17 2.80230e+06
58 17 5.84747e+06
59 17 4.05614e+06
60 17 5.30529e+06
61 17 5.11615e+06
62 17 4.50464e+06
63 17 3.43646e+06
64 17 2.75706e+06
65 17 3.58044e+06
66 17 3.53964e+06
67 17 4.85072e+06
68 17 5.97565e+06
69 17 3.08385e+06
70 17 2.03387e+06
71 17 3.82331e+06
72 17 5.86332e+06
73 17 5.56787e+06
74 17 2.88256e+06
75 17 3.19258e+06
76 17 4.04690e+06
77 17 3.06164e+06
78 17 4.99513e+06
79 17 3.60622e+06
80 17 3.86509e+06
81 17 5.35397e+06
82 17 4.42800e+06
83 17 3.47232e+06
84 17 5.28185e+06
85 17 2.22782e+06
86 17 5.98549e+06
87 17 5.97902e+06
88 17 2.53092e+06
89 17 4.20456e+06
90 17 2.78335e+06
91 17 5.63781e+06
92 17 2.21946e+06
93 17 5.52686e+06
94 17 5.85454e+06
95 17 5.21426e+06
96 17 3.21749e+06
97 17 2.74712e+06
98 17 5.13920e+06
99 17 3.18149e+06
100 17 3.99253e+06
101 17 4.04521e+06
102 17 4.71207e+06
103 17 2.79454e+06
104 17 2.56599e+06
105 17 5.55220e+06
106 17 5.94510e+06
107 17 5.71600e+06
108 17 3.64587e+06
109 17 2.70048e+06
110 17 3.33511e+06
111 17 3.77152e+06
112 17 5.39560e+06
113 17 4.55405e+06
114 17 2.68363e+06
115 17 4.13996e+06
116 17 5.60453e+06
117 17 4.41137e+06
118 17 3.07243e+06
119 17 4.50503e+06
120 17 4.75576e+06
121 17 3.16195e+06
122 17 5.82462e+06
123 17 5.66734e+06
124 17 4.49014e+06
125 17 3.12042e+06
126 17 5.05817e+06
127 17 5.28424e+06
0 18 2.88534e+06
1 18 5.79378e+06
2 18 4.78372e+06
3 18 5.10190e+06
4 18 2.71893e+06
5 18 4.50358e+06
6 18 4.09117e+06
7 18 3.85399e+06
8 18 3.43833e+06
9 18 2.15369e+06
10 18 3.59725e+06
11 18 2.84597e+06
12 18 5.40869e+06
13 18 4.47477e+06
14 18 3.57090e+06
15 18 4.72553e+06
16 18 3.48528e+06
17 18 4.21063e+06
18 18 2.50742e+06
19 18 3.28135e+06
20 18 2.01549e+06
21 18 2.81271e+06
22 18 2.56640e+06
23 18 2.28193e+06
24 18 2.70523e+06
25 18 4.29073e+06
26 18 2.01843e+06
27 18 2.98829e+06
28 18 2.57342e+06
29 18 4.63198e+06
30 18 5.13794e+06
31 18 5.54274e+06
32 18 3.89696e+06
33 18 4.73498e+06
34 18 5.72985e+06
35 18 4.67770e+06
36 18 4.96059e+06
37 18 4.37708e+06
38 18 2.06694e+06
39 18 4.48141e+06
40 18 5.33377e+06
41 18 3.58684e+06
42 18 2.63180e+06
43 18 3.98734e+06
44 18 4.34450e+06
45 18 3.91076e+06
46 18 3.97892e+06
47 18 4.25974e+06
48 18 3.47357e+06
49 18 2.10839e+06
50 18 3.53063e+06
51 18 5.09610e+06
52 18 4.89255e+06
53 18 4.70975e+06
54 18 4.56595e+06
55 18 5.32951e+06
56 18 3.24837e+06
57 18 4.43390e+06
58 18 5.34514e+06
59 18 4.72181e+06
60 18 5.95411e+06
61 18 5.18760e+06
62 18 5.65508e+06
63 18 3.09603e+06
64 18 3.72187e+06
65 18 4.01306e+06
66 18 3.13545e+06
67 18 2.97975e+06
68 18 5.74472e+06
69 18 4.70947e+06
70 18 3.45707e+06
71 18 5.57623e+06
72 18 3.47638e+06
73 18 2.45866e+06
74 18 4.00934e+06
75 18 5.17393e+06
76 18 4.96294e+06
77 18 5.11180e+06
78 18 2.52780e+06
79 18 4.94606e+06
80 18 4.47106e+06
81 18 5.23394e+06
82 18 5.08549e+06
83 18 5.02765e+06
84 18 2.43098e+06
85 18 5.19153e+06
86 18 2.90891e+06
87 18 5.09212e+06
88 18 2.68043e+06
89 18 5.90947e+06
90 18 2.49681e+06
91 18 5.72491e+06
92 18 4.80761e+06
93 18 3.65114e+06
94 18 4.02254e+06
95 18 4.04669e+06
96 18 4.67396e+06
97 18 4.08057e+06
98 18 5.39202e+06
99 18 2.23675e+06
100 18 4.87951e+06
101 18 3.10625e+06
102 18 4.91775e+06
103 18 3.73768e+06
104 18 2.59595e+06
105 18 3.37849e+06
106 18 5.63393e+06
107 18 5.36466e+06
108 18 2.12025e+06
109 18 4.37714e+06
110 18 2.05319e+06
111 18 2.63827e+06
112 18 2.79807e+06
113 18 2.42166e+06
114 18 2.74656e+06
115 18 3.63855e+06
116 18 4.46873e+06
117 18 3.86864e+06
118 18 4.33137e+06
119 18 2.62092e+06
120 18 3.79598e+06
121 18 3.69930e+06
122 18 4.72038e+06
123 18 3.86960e+06
124 18 2.28196e+06
125 18 5.36956e+06
126 18 3.04302e+06
127 18 3.03738e+06
0 19 5.45460e+06
1 19 2.05986e+06
2 19 3.67644e+06
3 19 3.95241e+06
4 19 3.28752e+06
5 19 3.59135e+06
6 19 5.15005e+06
7 19 5.72734e+06
8 19 2.73105e+06
9 19 3.12414e+06
10 19 2.23026e+06
11 19 2.69061e+06
12 19 5.49125e+06
13 19 5.43321e+06
14 19 3.78276e+06
15 19 4.30545e+06
16 19 5.61466e+06
17 19 2.48950e+06
18 19 5.26757e+06
19 19 5.47897e+06
20 19 3.79889e+06
21 19 5.64121e+06
22 19 4.23321e+06
23 19 3.61337e+06
24 19 2.94663e+06
25 19 3.48715e+06
26 19 4.79862e+06
27 19 4.57108e+06
28 19 3.61305e+06
29 19 5.82020e+06
30 19 5.58981e+06
31 19 5.32506e+06
32 19 2.77839e+06
33 19 5.00657e+06
34 19 2.69036e+06
35 19 3.05680e+06
36 19 2.77736e+06
37 19 3.35242e+06
38 19 2.77039e+06
39 19 5.03267e+06
40 19 2.08218e+06
41 19 3.39958e+06
42 19 3.38653e+06
43 19 4.88030e+06
44 19 3.54969e+06
45 19 4.33991e+06
46 19 2.31268e+06
47 19 3.32110e+06
48 19 3.13976e+06
49 19 5.59084e+06
50 19 4.78705e+06
51 19 2.43295e+06
52 19 3.06360e+06
53 19 2.82550e+06
54 19 4.11624e+06
55 19 3.74651e+06
56 19 2.43702e+06
57 19 4.10608e+06
58 19 3.86973e+06
59 19 4.34952e+06
60 19 2.61664e+06
61 19 5.34556e+06
62 19 5.57676e+06
63 19 2.77428e+06
64 19 3.31247e+06
65 19 4.08415e+06
66 19 2.34279e+06
67 19 3.59224e+06
68 19 5.85820e+06
69 19 5.92678e+06
70 19 3.77731e+06
71 19 5.08760e+06
72 19 4.12166e+06
73 19 4.16453e+06
74 19 4.70860e+06
75 19 5.67045e+06
76 19 5.29610e+06
77 19 3.07038e+06
78 19 5.57044e+06
79 19 2.49738e+06
80 19 3.73510e+06
81 19 3.75465e+06
82 19 2.41583e+06
83 19 4.22551e+06
84 19 5.90755e+06
85 19 5.94153e+06
86 19 5.03487e+06
87 19 2.44767e+06
88 19 4.66733e+06
89 19 2.31020e+06
90 19 2.48610e+06
91 19 4.24322e+06
92 19 5.40364e+06
93 19 4.31276e+06
94 19 2.11527e+06
95 19 4.40432e+06
96 19 2.00803e+06
97 19 5.16915e+06
98 19 2.52616e+06
99 19 2.18593e+06
100 19 4.45546e+06
101 19 3.15011e+06
102 19 4.13171e+06
103 19 5.15180e+06
104 19 3.36999e+06
105 19 4.56036e+06
106 19 5.26317e+06
107 19 4.55262e+06
108 19 4.02570e+06
109 19 3.65201e+06
110 19 3.17290e+06
111 19 4.01789e+06
112 19 2.74367e+06
113 19 2.02250e+06
114 19 5.54366e+06
115 19 5.35693e+06
116 19 3.21771e+06
117 19 4.80507e+06
118 19 4.83313e+06
119 19 5.26918e+06
120 19 4.20380e+06
121 19 2.98260e+06
122 19 3.04787e+06
123 19 5.57171e+06
124 19 5.15478e+06
125 19 3.94653e+06
126 19 5.08541e+06
127 19 3.48188e+06
0 20 2.49450e+06
1 20 4.70972e+06
2 20 4.22339e+06
3 20 2.77522e+06
4 20 5.56788e+06
5 20 4.93497e+06
6 20 3.77058e+06
7 20 5.61821e+06
8 20 3.41800e+06
9 20 5.29748e+06
10 20 3.60569e+06
11 20 2.26154e+06
12 20 3.30739e+06
13 20 3.07571e+06
14 20 2.73551e+06
15 20 5.17827e+06
16 20 3.32956e+06
17 20 3.19646e+06
18 20 3.09892e+06
19 20 4.36083e+06
20 20 2.19596e+06
21 20 4.36143e+06
22 20 5.26499e+06
23 20 5.59556e+06
24 20 5.92072e+06
25 20 4.38534e+06
26 20 4.21033e+06
27 20 5.58736e+06
28 20 5.69329e+06
29 20 2.50008e+06
30 20 3.70976e+06
31 20 4.04741e+06
32 20 3.15316e+06
33 20 5.55379e+06
34 20 2.88470e+06
35 20 2.07094e+06
36 20 5.76076e+06
37 20 5.77706e+06
38 20 4.24311e+06
39 20 5.34765e+06
40 20 3.31098e+06
41 20 2.93483e+06
42 20 4.30015e+06
43 20 2.33161e+06
44 20 5.09998e+06
45 20 2.51252e+06
46 20 5.32594e+06
47 20 2.99188e+06
48 20 4.84835e+06
49 20 3.02425e+06
50 20 2.74059e+06
51 20 4.34134e+06
52 20 3.65528e+06
53 20 5.07678e+06
54 20 5.64611e+06
55 20 2.01835e+06
56 20 3.36233e+06
57 20 4.26569e+06
58 20 2.64382e+06
59 20 2.40490e+06
60 20 5.35193e+06
61 20 5.00503e+06
62 20 4.93680e+06
63 20 2.28287e+06
64 20 3.52850e+06
65 20 4.47079e+06
66 20 3.17961e+06
67 20 2.48800e+06
68 20 5.94412e+06
69 20 5.53045e+06
70 20 5.05778e+06
71 20 3.27531e+06
72 20 5.80656e+06
73 20 2.76848e+06
74 20 3.11726e+06
75 20 4.25859e+06
76 20 4.63990e+06
77 20 2.19025e+06
78 20 5.38727e+06
79 20 3.48669e+06
80 20 4.31585e+06
81 20 5.83022e+06
82 20 4.81662e+06
83 20 4.01099e+06
84 20 2.21317e+06
85 20 3.39425e+06
86 20 2.92170e+06
87 20 4.39444e+06
88 20 2.32308e+06
89 20 2.09558e+06
90 20 5.72202e+06
91 20 3.45877e+06
92 20 4.28660e+06
93 20 5.13126e+06
94 20 4.85421e+06
95 20 4.21823e+06
96 20 4.29776e+06
97 20 2.74462e+06
98 20 4.32475e+06
99 20 3.11489e+06
100 20 4.74417e+06
101 20 2.65193e+06
102 20 4.17346e+06
103 20 3.80628e+06
104 20 4.46673e+06
105 20 5.38347e+06
106 20 2.50910e+06
107 20 5.15064e+06
108 20 2.91534e+06
109 20 5.41451e+06
110 20 3.13563e+06
111 20 5.36559e+06
112 20 3.47016e+06
113 20 4.69493e+06
114 20 2.42493e+06
115 20 5.36445e+06
116 20 2.40055e+06
117 20 4.08571e+06
118 20 3.82719e+06
119 20 4.35738e+06
120 20 3.08119e+06
121 20 5.50226e+06
122 20 3.78651e+06
123 20 3.39184e+06
124 20 2.95390e+06
125 20 3.28625e+06
126 20 5.45534e+06
127 20 4.56858e+06
0 21 3.63773e+06
1 21 5.61194e+06
2 21 4.68772e+06
3 21 4.11909e+06
4 21 2.63217e+06
5 21 4.84748e+06
6 21 5.50842e+06
7 21 3.59959e+06
8 21 3.03335e+06
9 21 2.43825e+06
10 21 2.94582e+06
11 21 4.47898e+06
12 21 4.99043e+06
13 21 2.50499e+06
14 21 2.67148e+06
15 21 5.57345e+06
16 21 5.03347e+06
17 21 5.20077e+06
18 21 4.21054e+06
19 21 3.19424e+06
20 21 5.79265e+06
21 21 2.43700e+06
22 21 4.17465e+06
23 21 3.97474e+06
24 21 2.13278e+06
25 21 5.34565e+06
26 21 2.45307e+06
27 21 4.33760e+06
28 21 4.25732e+06
29 21 2.09336e+06
30 21 4.81356e+06
31 21 5.58991e+06
32 21 4.48057e+06
33 21 3.56927e+06
34 21 3.03211e+06
35 21 2.42835e+06
36 21 4.52146e+06
37 21 3.60207e+06
38 21 5.30054e+06
39 21 5.93273e+06
40 21 3.21597e+06
41 21 5.31241e+06
42 21 2.56746e+06
43 21 5.17270e+06
44 21 3.52521e+06
45 21 3.64025e+06
46 21 3.13742e+06
47 21 3.82749e+06
48 21 5.97981e+06
49 21 5.30549e+06
50 21 5.18580e+06
51 21 5.10844e+06
52 21 5.74449e+06
53 21 3.96942e+06
54 21 2.23596e+06
55 21 5.51397e+06
56 21 2.68480e+06
57 21 2.66547e+06
58 21 3.24395e+06
59 21 4.98328e+06
60 21 4.59639e+06
61 21 3.61387e+06
62 21 2.02250e+06
63 21 2.07868e+06
64 21 4.66810e+06
65 21 4.13845e+06
66 21 4.05637e+06
67 21 4.66258e+06
68 21 4.53730e+06
69 21 4.87880e+06
70 21 5.06525e+06
71 21 2.71246e+06
72 21 5.31633e+06
73 21 4.05507e+06
74 21 3.01224e+06
75 21 2.28349e+06
76 21 4.87987e+06
77 21 2.65265e+06
78 21 3.12139e+06
79 21 2.17724e+06
80 21 4.10919e+06
81 21 2.64833e+06
82 21 3.79061e+06
83 21 4.21768e+06
84 21 2.40701e+06
85 21 2.59213e+06
86 21 3.17604e+06
87 21 4.28255e+06
88 21 2.72136e+06
89 21 4.67643e+06
90 21 2.49484e+06
91 21 5.65511e+06
92 21 3.17654e+06
93 21 3.89205e+06
94 21 2.47784e+06
95 21 2.76630e+06
96 21 4.59658e+06
97 21 3.21566e+06
98 21 3.80348e+06
99 21 5.40790e+06
100 21 4.57637e+06
101 21 3.23770e+06
102 21 5.45195e+06
103 21 4.04879e+06
104 21 2.19933e+06
105 21 2.84859e+06
106 21 2.02483e+06
107 21 3.60373e+06
108 21 2.79017e+06
109 21 4.59332e+06
110 21 2.56026e+06
111 21 2.16700e+06
112 21 4.26023e+06
113 21 2.26740e+06
114 21 2.26778e+06
115 21 4.87705e+06
116 21 5.11767e+06
117 21 3.59913e+06
118 21 5.35614e+06
119 21 2.14575e+06
120 21 2.84834e+06
121 21 4.36188e+06
122 21 4.42458e+06
123 21 2.64785e+06
124 21 4.89578e+06
125 21 2.68319e+06
126 21 5.68257e+06
127 21 4.21698e+06
0 22 5.29524e+06
1 22 5.66490e+06
2 22 4.81534e+06
3 22 2.78670e+06
4 22 5.64700e+06
5 22 5.83608e+06
6 22 2.41054e+06
7 22 3.96909e+06
8 22 4.46146e+06
9 22 4.68214e+06
10 22 2.36175e+06
11 22 4.93493e+06
12 22 3.55382e+06
13 22 3.42353e+06
14 22 4.63376e+06
15 22 2.54907e+06
16 22 4.38389e+06
17 22 4.25784e+06
18 22 2.39183e+06
19 22 4.60978e+06
20 22 3.30579e+06
21 22 4.81913e+06
22 22 3.18140e+06
23 22 4.04788e+06
24 22 4.91527e+06
25 22 5.85207e+06
26 22 2.59467e+06
27 22 3.50241e+06
28 22 5.57607e+06
29 22 2.80304e+06
30 22 3.62489e+06
31 22 3.48538e+06
32 22 3.31969e+06
33 22 5.31176e+06
34 22 3.80376e+06
35 22 3.03787e+06
36 22 2.26222e+06
37 22 2.59105e+06
38 22 2.88463e+06
39 22 5.68930e+06
40 22 5.83662e+06
41 22 2.86013e+06
42 22 5.81972e+06
43 22 3.26750e+06
44 22 2.55323e+06
45 22 5.00931e+06
46 22 5.31310e+06
47 22 3.55052e+06
48 22 5.56721e+06
49 22 3.46076e+06
50 22 2.58049e+06
51 22 2.38771e+06
52 22 4.70818e+06
53 22 4.54762e+06
54 22 5.66504e+06
55 22 2.01614e+06
56 22 2.58196e+06
57 22 4.18555e+06
58 22 3.87306e+06
59 22 5.23750e+06
60 22 3.01099e+06
61 22 5.18645e+06
62 22 2.61081e+06
63 22 2.39051e+06
64 22 5.71744e+06
65 22 5.88068e+06
66 22 4.01583e+06
67 22 2.95289e+06
68 22 4.10271e+06
69 22 5.18057e+06
70 22 5.99992e+06
71 22 4.36524e+06
72 22 4.12799e+06
73 22 2.44357e+06
74 22 3.98935e+06
75 22 4.60642e+06
76 22 3.39203e+06
77 22 5.32908e+06
78 22 3.25741e+06
79 22 4.70643e+06
80 22 2.65734e+06
81 22 5.78457e+06
82 22 4.09659e+06
83 22 4.28637e+06
84 22 5.21192e+06
85 22 4.04252e+06
86 22 5.60636e+06
87 22 4.53020e+06
88 22 4.36013e+06
89 22 4.58853e+06
90 22 4.99586e+06
91 22 2.12639e+06
92 22 4.92208e+06
93 22 2.19407e+06
94 22 3.52638e+06
95 22 3.44189e+06
96 22 2.98370e+06
97 22 5.19857e+06
98 22 2.60246e+06
99 22 5.87923e+06
100 22 2.74015e+06
101 22 3.18948e+06
102 22 2.14011e+06
103 22 2.79279e+06
104 22 5.80574e+06
105 22 2.91829e+06
106 22 5.27586e+06
107 22 2.59828e+06
108 22 3.76906e+06
109 22 4.03313e+06
110 22 5.98721e+06
111 22 5.36959e+06
112 22 4.27430e+06
113 22 4.64282e+06
114 22 2.33778e+06
115 22 2.57972e+06
116 22 5.85336e+06
117 22 5.47421e+06
118 22 3.19115e+06
119 22 3.49255e+06
120 22 2.84582e+06
121 22 2.68664e+06
122 22 4.10449e+06
123 22 5.97620e+06
124 22 5.36458e+06
125 22 2.19392e+06
126 22 5.97260e+06
127 22 4.52092e+06
0 23 3.07976e+06
1 23 3.12400e+06
2 23 2.76806e+06
3 23 5.78896e+06
4 23 5.15063e+06
5 23 2.82763e+06
6 23 4.46158e+06
7 23 2.08101e+06
8 23 4.38382e+06
9 23 3.52443e+06
10 23 3.53056e+06
11 23 4.30046e+06
12 23 2.13799e+06
13 23 3.97908e+06
14 23 4.38650e+06
15 23 3.20312e+06
16 23 2.80263e+06
17 23 3.40736e+06
18 23 4.28931e+06
19 23 2.32161e+06
20 23 5.87130e+06
21 23 5.07605e+06
22 23 2.62702e+06
23 23 5.53226e+06
24 23 2.86992e+06
25 23 3.12914e+06
26 23 5.72528e+06
27 23 5.44688e+06
28 23 4.62415e+06
29 23 3.24482e+06
30 23 3.02864e+06
31 23 4.54585e+06
32 23 2.66971e+06
33 23 4.91013e+06
34 23 4.05085e+06
35 23 4.38670e+06
36 23 4.70365e+06
37 23 4.98013e+06
38 23 4.97737e+06
39 23 2.75397e+06
40 23 5.89944e+06
41 23 5.64827e+06
42 23 5.21487e+06
43 23 5.10448e+06
44 23 4.48378e+06
45 23 4.11432e+06
46 23 5.02196e+06
47 23 4.62172e+06
48 23 2.73857e+06
49 23 5.20412e+06
50 23 2.44929e+06
51 23 5.34617e+06
52 23 4.29830e+06
53 23 4.91086e+06
54 23 4.27440e+06
55 23 4.92044e+06
56 23 5.20247e+06
57 23 2.46924e+06
58 23 5.19349e+06
59 23 4.67516e+06
60 23 5.62089e+06
61 23 3.06933e+06
62 23 5.59417e+06
63 23 5.10124e+06
64 23 2.23607e+06
65 23 5.12674e+06
66 23 3.85619e+06
67 23 3.51789e+06
68 23 4.50893e+06
69 23 4.15498e+06
70 23 3.59446e+06
71 23 2.01758e+06
72 23 4.80455e+06
73 23 5.80414e+06
74 23 5.24794e+06
75 23 5.05307e+06
76 23 3.76480e+06
77 23 5.56157e+06
78 23 3.41370e+06
79 23 5.17489e+06
80 23 3.90473e+06
81 23 4.83923e+06
82 23 4.95088e+06
83 23 3.62949e+06
84 23 3.45756e+06
85 23 4.82992e+06
86 23 5.97979e+06
87 23 2.87789e+06
88 23 3.15904e+06
89 23 4.82575e+06
90 23 4.11161e+06
91 23 4.48019e+06
92 23 3.24772e+06
93 23 3.36828e+06
94 23 3.90511e+06
95 23 3.70790e+06
96 23 3.31085e+06
97 23 4.68099e+06
98 23 4.34610e+06
99 23 5.41118e+06
100 23 2.96616e+06
101 23 4.88602e+06
102 23 4.59970e+06
103 23 2.47960e+06
104 23 4.62231e+06
105 23 3.65229e+06
106 23 5.52767e+06
107 23 2.05583e+06
108 23 4.21555e+06
109 23 4.37690e+06
110 23 4.77606e+06
111 23 2.50542e+06
112 23 5.36344e+06
113 23 5.94288e+06
114 23 2.84159e+06
115 23 3.88239e+06
116 23 3.27057e+06
117 23 4.38969e+06
118 23 3.48678e+06
119 23 5.67883e+06
120 23 2.46605e+06
121 23 4.97254e+06
122 23 2.21055e+06
123 23 4.60797e+06
124 23 3.98612e+06
125 23 4.01500e+06
126 23 5.90001e+06
127 23 4.11941e+06
0 24 2.39437e+06
1 24 5.18844e+06
2 24 5.25081e+06
3 24 4.80734e+06
4 24 2.88783e+06
5 24 4.10890e+06
6 24 3.04254e+06
7 24 3.74902e+06
8 24 3.43210e+06
9 24 3.59335e+06
10 24 3.10152e+06
11 24 3.22746e+06
12 24 4.80650e+06
13 24 5.25476e+06
14 24 3.98339e+06
15 24 2.45908e+06
16 24 3.47933e+06
17 24 5.85284e+06
18 24 5.63513e+06
19 24 5.81963e+06
20 24 2.18287e+06
21 24 2.57406e+06
22 24 3.40531e+06
23 24 5.98561e+06
24 24 3.74136e+06
25 24 3.72811e+06
26 24 2.78459e+06
27 24 5.00813e+06
28 24 3.39305e+06
29 24 3.94499e+06
30 24 4.90810e+06
31 24 5.49701e+06
32 24 5.33683e+06
33 24 4.26250e+06
34 24 3.38810e+06
35 24 4.92581e+06
36 24 2.50560e+06
37 24 3.63607e+06
38 24 3.75182e+06
39 24 4.66602e+06
40 24 5.57599e+06
41 24 5.28859e+06
42 24 5.99390e+06
43 24 2.69823e+06
44 24 3.35460e+06
45 24 3.98439e+06
46 24 2.16503e+06
47 24 3.97004e+06
48 24 5.50851e+06
49 24 4.70354e+06
50 24 4.18243e+06
51 24 3.14120e+06
52 24 5.36561e+06
53 24 5.70356e+06
54 24 5.67426e+06
55 24 3.27937e+06
56 24 3.55979e+06
57 24 5.92591e+06
58 24 5.87043e+06
59 24 3.85609e+06
60 24 4.01378e+06
61 24 2.05056e+06
62 24 3.38256e+06
63 24 4.61721e+06
64 24 2.89204e+06
65 24 4.86276e+06
66 24 5.48652e+06
67 24 4.04437e+06
68 24 4.95554e+06
69 24 5.24329e+06
70 24 2.72753e+06
71 24 2.94995e+06
72 24 4.22345e+06
73 24 5.61941e+06
74 24 3.78842e+06
75 24 5.77336e+06
76 24 3.54677e+06
77 24 3.66938e+06
78 24 5.27941e+06
79 24 4.18259e+06
80 24 2.55200e+06
81 24 3.34452e+06
82 24 5.26448e+06
83 24 5.90752e+06
84 24 4.62465e+06
85 24 4.95944e+06
86 24 2.35144e+06
87 24 2.88705e+06
88 24 3.85464e+06
89 24 4.90216e+06
90 24 4.11534e+06
91 24 2.05327e+06
92 24 4.39845e+06
93 24 3.29969e+06
94 24 3.16954e+06
95 24 3.41400e+06
96 24 4.70936e+06
97 24 3.04282e+06
98 24 2.66482e+06
99 24 2.73130e+06
100 24 2.33347e+06
101 24 5.68185e+06
102 24 5.98847e+06
103 24 5.47461e+06
104 24 5.94639e+06
105 24 4.88356e+06
106 24 2.81578e+06
107 24 5.88601e+06
108 24 2.25401e+06
109 24 2.59088e+06
110 24 5.26276e+06
111 24 2.43851e+06
112 24 3.81522e+06
113 24 2.53745e+06
114 24 5.52896e+06
115 24 3.53932e+06
116 24 5.66243e+06
117 24 3.59352e+06
118 24 4.50476e+06
119 24 2.98037e+06
120 24 4.07146e+06
121 24 3.65199e+06
122 24 5.82407e+06
123 24 3.75841e+06
124 24 4.20365e+06
125 24 2.03173e+06
126 24 5.53377e+06
127 24 4.60313e+06
0 25 5.62241e+06
1 25 3.52104e+06
2 25 2.73212e+06
3 25 4.68872e+06
4 25 2.89176e+06
5 25 4.18668e+06
6 25 3.13091e+06
7 25 4.35190e+06
8 25 2.67690e+06
9 25 3.56964e+06
10 25 3.99506e+06
11 25 3.12085e+06
12 25 4.51721e+06
13 25 5.91561e+06
14 25 3.82109e+06
15 25 3.30951e+06
16 25 2.10635e+06
17 25 5.03070e+06
18 25 2.53930e+06
19 25 2.07483e+06
20 25 2.93787e+06
21 25 5.70198e+06
22 25 2.82048e+06
23 25 5.97131e+06
24 25 2.87617e+06
25 25 5.97207e+06
26 25 2.57149e+06
27 25 2.88640e+06
28 25 5.05696e+06
29 25 2.95134e+06
30 25 5.36442e+06
31 25 2.76206e+06
32 25 2.42335e+06
33 25 3.89277e+06
34 25 3.55605e+06
35 25 5.32395e+06
36 25 5.27344e+06
37 25 5.31190e+06
38 25 2.20672e+06
39 25 5.14526e+06
40 25 5.12733e+06
41 25 2.38704e+06
42 25 2.17040e+06
43 25 4.69941e+06
44 25 3.83183e+06
45 25 3.06609e+06
46 25 3.85174e+06
47 25 4.79746e+06
48 25 5.28840e+06
49 25 5.26368e+06
50 25 2.73148e+06
51 25 4.13423e+06
52 25 2.58223e+06
53 25 2.76394e+06
54 25 4.07749e+06
55 25 4.58059e+06
56 25 2.53944e+06
57 25 4.27433e+06
58 25 4.55773e+06
59 25 2.94050e+06
60 25 2.45794e+06
61 25 4.44836e+06
62 25 4.11573e+06
63 25 4.93321e+06
64 25 2.21054e+06
65 25 3.39176e+06
66 25 3.18751e+06
67 25 2.65596e+06
68 25 2.24339e+06
69 25 5.63117e+06
70 25 4.46042e+06
71 25 3.58237e+06
72 25 5.66565e+06
73 25 2.62921e+06
74 25 4.85748e+06
75 25 2.29228e+06
76 25 4.85558e+06
77 25 2.59109e+06
78 25 4.20938e+06
79 25 3.01533e+06
80 25 3.84937e+06
81 25 4.52944e+06
82 25 3.87058e+06
83 25 4.90516e+06
84 25 2.65276e+06
85 25 3.17041e+06
86 25 2.15261e+06
87 25 3.56375e+06
88 25 3.15210e+06
89 25 2.91748e+06
90 25 2.05759e+06
91 25 2.50166e+06
92 25 2.11767e+06
93 25 2.70636e+06
94 25 2.96449e+06
95 25 5.55718e+06
96 25 5.81682e+06
97 25 2.37005e+06
98 25 3.25199e+06
99 25 5.68102e+06
100 25 2.21488e+06
101 25 4.13943e+06
102 25 5.23631e+06
103 25 2.05119e+06
104 25 4.48361e+06
105 25 5.82469e+06
106 25 4.01741e+06
107 25 5.22001e+06
108 25 5.54223e+06
109 25 4.28252e+06
110 25 5.41533e+06
111 25 4.82677e+06
112 25 5.45356e+06
113 25 3.16902e+06
114 25 3.19224e+06
115 25 3.10952e+06
116 25 3.23229e+06
117 25 4.06660e+06
118 25 4.09224e+06
119 25 2.01240e+06
120 25 5.48295e+06
121 25 5.84134e+06
122 25 2.77564e+06
123 25 4.10312e+06
124 25 2.97728e+06
125 25 4.14399e+06
126 25 4.95404e+06
127 25 5.04466e+06
0 26 4.03603e+06
1 26 3.33433e+06
2 26 4.76706e+06
3 26 5.73460e+06
4 26 4.84772e+06
5 26 4.67491e+06
6 26 3.86749e+06
7 26 3.48523e+06
8 26 4.23943e+06
9 26 2.59296e+06
10 26 2.81432e+06
11 26 2.69176e+06
12 26 3.62066e+06
13 26 4.28288e+06
14 26 4.63824e+06
15 26 2.13711e+06
16 26 2.10366e+06
17 26 5.72863e+06
18 26 4.41732e+06
19 26 3.27275e+06
20 26 2.24409e+06
21 26 3.60882e+06
22 26 3.84589e+06
23 26 2.10987e+06
24 26 5.23478e+06
25 26 4.27619e+06
26 26 5.79126e+06
27 26 4.26179e+06
28 26 5.50414e+06
29 26 5.92247e+06
30 26 3.70905e+06
31 26 4.71109e+06
32 26 3.39846e+06
33 26 4.64961e+06
34 26 3.46087e+06
35 26 3.96776e+06
36 26 4.81897e+06
37 26 5.10867e+06
38 26 3.14608e+06
39 26 3.36785e+06
40 26 2.71553e+06
41 26 4.94022e+06
42 26 2.62147e+06
43 26 4.47601e+06
44 26 5.58149e+06
45 26 5.15132e+06
46 26 3.79824e+06
47 26 5.35213e+06
48 26 2.16704e+06
49 26 4.63619e+06
50 26 4.95881e+06
51 26 4.10621e+06
52 26 2.98692e+06
53 26 3.46796e+06
54 26 3.87729e+06
55 26 5.25733e+06
56 26 4.93036e+06
57 26 4.01727e+06
58 26 3.13562e+06
59 26 4.17290e+06
60 26 4.68213e+06
61 26 3.87330e+06
62 26 4.47819e+06
63 26 2.75543e+06
64 26 3.32925e+06
65 26 3.80656e+06
66 26 4.95665e+06
67 26 4.17011e+06
68 26 5.21223e+06
69 26 4.17589e+06
70 26 2.02673e+06
71 26 5.32231e+06
72 26 5.84837e+06
73 26 5.43439e+06
74 26 5.47777e+06
75 26 3.55895e+06
76 26 3.84382e+06
77 26 3.44959e+06
78 26 5.82552e+06
79 26 2.82338e+06
80 26 4.69013e+06
81 26 3.85819e+06
82 26 3.89240e+06
83 26 2.88686e+06
84 26 2.63054e+06
85 26 4.11844e+06
86 26 5.79374e+06
87 26 3.39681e+06
88 26 3.65408e+06
89 26 5.20496e+06
90 26 3.15487e+06
91 26 5.78385e+06
92 26 4.54046e+06
93 26 3.85188e+06
94 26 2.59010e+06
95 26 4.93955e+06
96 26 4.34226e+06
97 26 4.72196e+06
98 26 5.34200e+06
99 26 4.22464e+06
100 26 4.26435e+06
101 26 4.92965e+06
102 26 3.09078e+06
103 26 2.74071e+06
104 26 2.93671e+06
105 26 3.07773e+06
106 26 5.11316e+06
107 26 2.80234e+06
108 26 5.66506e+06
109 26 5.64424e+06
110 26 2.06803e+06
111 26 3.78235e+06
112 26 3.28038e+06
113 26 2.42213e+06
114 26 3.37418e+06
115 26 4.17011e+06
116 26 5.47047e+06
117 26 2.21834e+06
118 26 2.34706e+06
119 26 5.40127e+06
120 26 4.99138e+06
121 26 5.09842e+06
122 26 4.76794e+06
123 26 2.25530e+06
124 26 2.92289e+06
125 26 4.66718e+06
126 26 5.66999e+06
127 26 5.90014e+06
0 27 4.75165e+06
1 27 3.13570e+06
2 27 2.48283e+06
3 27 4.07848e+06
4 27 2.53018e+06
5 27 2.34112e+06
6 27 5.69793e+06
7 27 5.18052e+06
8 27 4.50628e+06
9 27 2.37900e+06
10 27 5.12355e+06
11 27 3.22950e+06
12 27 3.83033e+06
13 27 5.70101e+06
14 27 4.41218e+06
15 27 3.58759e+06
16 27 3.06187e+06
17 27 2.51740e+06
18 27 3.86372e+06
19 27 5.35060e+06
20 27 2.25556e+06
21 27 5.39150e+06
22 27 4.76660e+06
23 27 4.14531e+06
24 27 3.90832e+06
25 27 4.01641e+06
26 27 4.87885e+06
27 27 4.63872e+06
28 27 5.24777e+06
29 27 3.65482e+06
30 27 3.39077e+06
31 27 2.77231e+06
32 27 2.29168e+06
33 27 5.42789e+06
34 27 5.76807e+06
35 27 5.57364e+06
36 27 5.39659e+06
37 27 4.50622e+06
38 27 3.42570e+06
39 27 2.89295e+06
40 27 4.03266e+06
41 27 3.08728e+06
42 27 2.72405e+06
43 27 5.98150e+06
44 27 3.45934e+06
45 27 4.46579e+06
46 27 4.92806e+06
47 27 2.75377e+06
48 27 2.84224e+06
49 27 4.88296e+06
50 27 3.36746e+06
51 27 2.84321e+06
52 27 4.86411e+06
53 27 3.22958e+06
54 27 4.58127e+06
55 27 3.82719e+06
56 27 2.52498e+06
57 27 5.29888e+06
58 27 3.17564e+06
59 27 4.50856e+06
60 27 2.89638e+06
61 27 2.79164e+06
62 27 5.04534e+06
63 27 4.86834e+06
64 27 4.62520e+06
65 27 4.00794e+06
66 27 3.62206e+06
67 27 4.11727e+06
68 27 3.75618e+06
69 27 2.29200e+06
70 27 2.27100e+06
71 27 2.61886e+06
72 27 3.52959e+06
73 27 2.00353e+06
74 27 4.46232e+06
75 27 3.54815e+06
76 27 2.98344e+06
77 27 5.38472e+06
78 27 4.65919e+06
79 27 3.13867e+06
80 27 4.91679e+06
81 27 5.03032e+06
82 27 2.16604e+06
83 27 3.01623e+06
84 27 4.51652e+06
85 27 4.87076e+06
86 27 5.74884e+06
87 27 4.17820e+06
88 27 2.88750e+06
89 27 4.73194e+06
90 27 4.31199e+06
91 27 2.77938e+06
92 27 3.15120e+06
93 27 5.56167e+06
94 27 2.62977e+06
95 27 2.62500e+06
96 27 4.66285e+06
97 27 4.04031e+06
98 27 4.66011e+06
99 27 4.44537e+06
100 27 3.34833e+06
101 27 4.39903e+06
102 27 2.33556e+06
103 27 3.68559e+06
104 27 4.00964e+06
105 27 4.44250e+06
106 27 2.09057e+06
107 27 3.91720e+06
108 27 5.07776e+06
109 27 4.61799e+06
110 27 5.82032e+06
111 27 3.46947e+06
112 27 5.25378e+06
113 27 3.78224e+06
114 27 2.38230e+06
115 27 4.34461e+06
116 27 5.31125e+06
117 27 5.32262e+06
118 27 4.31394e+06
119 27 3.08097e+06
120 27 3.30302e+06
121 27 2.76757e+06
122 27 2.76211e+06
123 27 2.91501e+06
124 27 2.52876e+06
125 27 4.13431e+06
126 27 2.99736e+06
127 27 5.31962e+06
0 28 5.14709e+06
1 28 5.35724e+06
2 28 2.31402e+06
3 28 4.39182e+06
4 28 2.15027e+06
5 28 3.24809e+06
6 28 5.36165e+06
7 28 2.57361e+06
8 28 4.97120e+06
9 28 3.32943e+06
10 28 5.26588e+06
11 28 5.15389e+06
12 28 4.26097e+06
13 28 5.85609e+06
14 28 3.20760e+06
15 28 5.69869e+06
16 28 3.39967e+06
17 28 3.67587e+06
18 28 4.99931e+06
19 28 3.54635e+06
20 28 2.83742e+06
21 28 3.21958e+06
22 28 5.96964e+06
23 28 3.28219e+06
24 28 5.94807e+06
25 28 3.64865e+06
26 28 2.97742e+06
27 28 4.67634e+06
28 28 4.14922e+06
29 28 4.06369e+06
30 28 2.84880e+06
31 28 2.78918e+06
32 28 5.26215e+06
33 28 5.52575e+06
34 28 4.11521e+06
35 28 4.77862e+06
36 28 2.81097e+06
37 28 3.63225e+06
38 28 5.02175e+06
39 28 2.40585e+06
40 28 3.86101e+06
41 28 2.95178e+06
42 28 2.54990e+06
43 28 2.04029e+06
44 28 5.28320e+06
45 28 2.45206e+06
46 28 2.51643e+06
47 28 5.74564e+06
48 28 5.30781e+06
49 28 3.95808e+06
50 28 4.50223e+06
51 28 2.22840e+06
52 28 2.72442e+06
53 28 4.41668e+06
54 28 5.75333e+06
55 28 2.23639e+06
56 28 4.81892e+06
57 28 4.35596e+06
58 28 4.83591e+06
59 28 5.60676e+06
60 28 4.98637e+06
61 28 3.79024e+06
62 28 2.97787e+06
63 28 5.94880e+06
64 28 5.18364e+06
65 28 3.04275e+06
66 28 4.71449e+06
67 28 2.78572e+06
68 28 2.63122e+06
69 28 5.48062e+06
70 28 3.76824e+06
71 28 5.32105e+06
72 28 3.61850e+06
73 28 5.81281e+06
74 28 5.61873e+06
75 28 3.32817e+06
76 28 2.73312e+06
77 28 4.36546e+06
78 28 4.47970e+06
79 28 2.20885e+06
80 28 4.74255e+06
81 28 3.62539e+06
82 28 4.16257e+06
83 28 5.39834e+06
84 28 5.10164e+06
85 28 5.96785e+06
86 28 2.33312e+06
87 28 3.27445e+06
88 28 3.29240e+06
89 28 3.47608e+06
90 28 5.61689e+06
91 28 4.89379e+06
92 28 3.43265e+06
93 28 3.40458e+06
94 28 4.61196e+06
95 28 2.47250e+06
96 28 4.73482e+06
97 28 5.49945e+06
98 28 3.59732e+06
99 28 2.76937e+06
100 28 4.25959e+06
101 28 4.58159e+06
102 28 3.16619e+06
103 28 2.76399e+06
104 28 4.18346e+06
105 28 5.17048e+06
106 28 5.59857e+06
107 28 5.46184e+06
108 28 2.01728e+06
109 28 5.98696e+06
110 28 2.35404e+06
111 28 2.59010e+06
112 28 5.46604e+06
113 28 4.04622e+06
114 28 3.86738e+06
115 28 2.79928e+06
116 28 5.71566e+06
117 28 5.54744e+06
118 28 2.39612e+06
119 28 5.18050e+06
120 28 2.30158e+06
121 28 3.69162e+06
122 28 3.83739e+06
123 28 3.07438e+06
124 28 2.55673e+06
125 28 4.51309e+06
126 28 2.43964e+06
127 28 2.31885e+06
0 29 5.82656e+06
1 29 2.79376e+06
2 29 2.21927e+06
3 29 2.89987e+06
4 29 2.80129e+06
5 29 4.17107e+06
6 29 5.06839e+06
7 29 4.91775e+06
8 29 5.58379e+06
9 29 5.88918e+06
10 29 4.59907e+06
11 29 3.72514e+06
12 29 2.33272e+06
13 29 2.65912e+06
14 29 3.26429e+06
15 29 2.84278e+06
16 29 3.64680e+06
17 29 3.94601e+06
18 29 3.09262e+06
19 29 3.87776e+06
20 29 3.98170e+06
21 29 4.09491e+06
22 29 4.32098e+06
23 29 5.68011e+06
24 29 5.91957e+06
25 29 3.58037e+06
26 29 2.59449e+06
27 29 3.03314e+06
28 29 3.03891e+06
29 29 3.35642e+06
30 29 3.06349e+06
31 29 3.16406e+06
32 29 3.58165e+06
33 29 2.49168e+06
34 29 2.17847e+06
35 29 2.63324e+06
36 29 4.00099e+06
37 29 4.29480e+06
38 29 5.77008e+06
39 29 4.04411e+06
40 29 4.55501e+06
41 29 3.25992e+06
42 29 5.43283e+06
43 29 5.48606e+06
44 29 2.17038e+06
45 29 4.12883e+06
46 29 4.53339e+06
47 29 2.66097e+06
48 29 4.49091e+06
49 29 2.25823e+06
50 29 2.00817e+06
51 29 2.98753e+06
52 29 3.23709e+06
53 29 2.29166e+06
54 29 5.99285e+06
55 29 5.88969e+06
56 29 2.38584e+06
57 29 4.95426e+06
58 29 2.64595e+06
59 29 5.32620e+06
60 29 5.85840e+06
61 29 4.83718e+06
62 29 5.36578e+06
63 29 2.86563e+06
64 29 3.41043e+06
65 29 3.48512e+06
66 29 5.49373e+06
67 29 4.25015e+06
68 29 4.28981e+06
69 29 2.11530e+06
70 29 3.59465e+06
71 29 5.19035e+06
72 29 4.95655e+06
73 29 4.91239e+06
74 29 3.40288e+06
75 29 4.51929e+06
76 29 2.59407e+06
77 29 5.78350e+06
78 29 3.98162e+06
79 29 5.29586e+06
80 29 5.60161e+06
81 29 4.62224e+06
82 29 5.99338e+06
83 29 2.90321e+06
84 29 3.68681e+06
85 29 3.14703e+06
86 29 2.82064e+06
87 29 3.06952e+06
88 29 3.42985e+06
89 29 4.44636e+06
90 29 5.30376e+06
91 29 3.72231e+06
92 29 5.08818e+06
93 29 3.36730e+06
94 29 3.38132e+06
95 29 3.78781e+06
96 29 5.69590e+06
97 29 5.07182e+06
98 29 5.33651e+06
99 29 2.86922e+06
100 29 2.34406e+06
101 29 2.47171e+06
102 29 2.43172e+06
103 29 2.88250e+06
104 29 5.59238e+06
105 29 3.07204e+06
106 29 2.27244e+06
107 29 3.43814e+06
108 29 2.90478e+06
109 29 4.07614e+06
110 29 4.46121e+06
111 29 2.89969e+06
112 29 5.74104e+06
113 29 5.59991e+06
114 29 3.53293e+06
115 29 5.51159e+06
116 29 3.30218e+06
117 29 4.00997e+06
118 29 3.93990e+06
119 29 2.70070e+06
120 29 4.23733e+06
121 29 3.20261e+06
122 29 2.92099e+06
123 29 2.47819e+06
124 29 3.01240e+06
125 29 4.20101e+06
126 29 4.61281e+06
127 29 5.04055e+06
0 30 2.70744e+06
1 30 4.11209e+06
2 30 4.11175e+06
3 30 4.44593e+06
4 30 3.42035e+06
5 30 3.65383e+06
6 30 2.08666e+06
7 30 2.07950e+06
8 30 2.18606e+06
9 30 4.49073e+06
10 30 2.52843e+06
11 30 4.32981e+06
12 30 2.45631e+06
13 30 2.69946e+06
14 30 5.89175e+06
15 30 3.42638e+06
16 30 3.58453e+06
17 30 4.35270e+06
18 30 2.75261e+06
19 30 3.86319e+06
20 30 5.18118e+06
21 30 3.90380e+06
22 30 4.70881e+06
23 30 3.80294e+06
24 30 2.12780e+06
25 30 3.14862e+06
26 30 4.54958e+06
27 30 3.27677e+06
28 30 5.17130e+06
29 30 5.13806e+06
30 30 4.52587e+06
31 30 4.82716e+06
32 30 2.93439e+06
33 30 5.96319e+06
34 30 4.10406e+06
35 30 5.67958e+06
36 30 4.50466e+06
37 30 4.05477e+06
38 30 3.02327e+06
39 30 4.61617e+06
40 30 2.88508e+06
41 30 3.21565e+06
42 30 2.37496e+06
43 30 2.07020e+06
44 30 2.97850e+06
45 30 5.30039e+06
46 30 2.41274e+06
47 30 5.66802e+06
48 30 3.78008e+06
49 30 3.21259e+06
50 30 4.07934e+06
51 30 4.33731e+06
52 30 5.85557e+06
53 30 5.09503e+06
54 30 5.87264e+06
55 30 4.01891e+06
56 30 5.23717e+06
57 30 2.24414e+06
58 30 4.14697e+06
59 30 2.90581e+06
60 30 3.57529e+06
61 30 5.16041e+06
62 30 4.42104e+06
63 30 3.66996e+06
64 30 5.56347e+06
65 30 3.86643e+06
66 30 5.64871e+06
67 30 4.43073e+06
68 30 3.10403e+06
69 30 2.84512e+06
70 30 3.49766e+06
71 30 2.68204e+06
72 30 4.97226e+06
73 30 3.55591e+06
74 30 5.20386e+06
75 30 5.11202e+06
76 30 2.95081e+06
77 30 3.57183e+06
78 30 3.86156e+06
79 30 4.54566e+06
80 30 5.63283e+06
81 30 2.31866e+06
82 30 2.19421e+06
83 30 2.41593e+06
84 30 3.15828e+06
85 30 2.71469e+06
86 30 3.01962e+06
87 30 4.44398e+06
88 30 4.68191e+06
89 30 5.70673e+06
90 30 3.21105e+06
91 30 4.49441e+06
92 30 4.30464e+06
93 30 3.49817e+06
94 30 2.62028e+06
95 30 2.78593e+06
96 30 3.89516e+06
97 30 4.37893e+06
98 30 4.73390e+06
99 30 3.03949e+06
100 30 5.04749e+06
101 30 5.98656e+06
102 30 3.95217e+06
103 30 4.68542e+06
104 30 2.22724e+06
105 30 2.43750e+06
106 30 3.67351e+06
107 30 2.51459e+06
108 30 2.04240e+06
109 30 5.85192e+06
110 30 2.46726e+06
111 30 4.51248e+06
112 30 3.64332e+06
113 30 3.50102e+06
114 30 4.58854e+06
115 30 5.84029e+06
116 30 5.21986e+06
117 30 2.83585e+06
118 30 4.37526e+06
119 30 4.32248e+06
120 30 5.18509e+06
121 30 4.41227e+06
122 30 5.70114e+06
123 30 5.26889e+06
124 30 5.04346e+06
125 30 2.61122e+06
126 30 2.05661e+06
127 30 4.28427e+06
0 31 4.00763e+06
1 31 3.79470e+06
2 31 2.23907e+06
3 31 2.78448e+06
4 31 4.38926e+06
5 31 4.40162e+06
6 31 4.94624e+06
7 31 2.38490e+06
8 31 2.59287e+06
9 31 3.48467e+06
10 31 2.99626e+06
11 31 3.80654e+06
12 31 3.60850e+06
13 31 5.85536e+06
14 31 2.17080e+06
15 31 5.55789e+06
16 31 5.19957e+06
17 31 2.66373e+06
18 31 3.35010e+06
19 31 4.47389e+06
20 31 4.89951e+06
21 31 4.44267e+06
22 31 4.94091e+06
23 31 3.78521e+06
24 31 3.46191e+06
25 31 2.75647e+06
26 31 4.79361e+06
27 31 3.02107e+06
28 31 4.78909e+06
29 31 2.02847e+06
30 31 3.97199e+06
31 31 3.30452e+06
32 31 5.16311e+06
33 31 2.74454e+06
34 31 5.44118e+06
35 31 3.31663e+06
36 31 4.82726e+06
37 31 4.12015e+06
38 31 4.51586e+06
39 31 4.01122e+06
40 31 4.44843e+06
41 31 4.57280e+06
42 31 4.67199e+06
43 31 2.34178e+06
44 31 4.25806e+06
45 31 3.20177e+06
46 31 3.63440e+06
47 31 5.81274e+06
48 31 5.72880e+06
49 31 5.40514e+06
50 31 2.63068e+06
51 31 4.18729e+06
52 31 3.02709e+06
53 31 2.57305e+06
54 31 3.01890e+06
55 31 4.90129e+06
56 31 3.74844e+06
57 31 4.81458e+06
58 31 4.28147e+06
59 31 5.65335e+06
60 31 4.13440e+06
61 31 2.40971e+06
62 31 5.08151e+06
63 31 3.84356e+06
64 31 3.95957e+06
65 31 3.73931e+06
66 31 4.00712e+06
67 31 5.45493e+06
68 31 4.75764e+06
69 31 3.53068e+06
70 31 4.28538e+06
71 31 4.18967e+06
72 31 4.55312e+06
73 31 5.92065e+06
74 31 3.28290e+06
75 31 5.46693e+06
76 31 4.79943e+06
77 31 4.33196e+06
78 31 4.38599e+06
79 31 3.30997e+06
80 31 2.32307e+06
81 31 2.68985e+06
82 31 3.63193e+06
83 31 4.58167e+06
84 31 3.89544e+06
85 31 5.00691e+06
86 31 4.82440e+06
87 31 4.75069e+06
88 31 3.54545e+06
89 31 4.01686e+06
90 31 5.43828e+06
91 31 4.32715e+06
92 31 3.48099e+06
93 31 4.10816e+06
94 31 5.52313e+06
95 31 3.89434e+06
96 31 4.05089e+06
97 31 4.85450e+06
98 31 4.21684e+06
99 31 2.10484e+06
100 31 4.25671e+06
101 31 4.04696e+06
102 31 5.08513e+06
103 31 4.75434e+06
104 31 3.16155e+06
105 31 4.58759e+06
106 31 5.11101e+06
107 31 4.60250e+06
108 31 2.22807e+06
109 31 5.06897e+06
110 31 4.79766e+06
111 31 2.74263e+06
112 31 2.46372e+06
113 31 5.51002e+06
114 31 3.82333e+06
115 31 4.65851e+06
116 31 5.05646e+06
117 31 4.93169e+06
118 31 3.04277e+06
119 31 2.55963e+06
120 31 3.86805e+06
121 31 5.29131e+06
122 31 2.17338e+06
123 31 2.04149e+06
124 31 2.68744e+06
125 31 2.71049e+06
126 31 4.33429e+06
127 31 2.36369e+06
